-0.01984289 -0.14121136 0.27194539 -0.09827765 0.05894721 0.05071876 0.06571704 -0.23710096 0.19972223 -0.00930365 -0.13580691 -0.04496835 0.19756744 -0.33026107 -0.0568801 0.24290323 -0.05755064 -0.0578738 0
-0.10675569 -0.01684045 0.00842902 -0.03563721 -0.03698589 0.01057372 0.10522427 0.04905674 0.00176851 -0.05205348 0.11540552 -0.1188321 0.02497884 -0.02455854 0.05389455 0.01604305 -0.0419426 0.0466799 0
-0.05892679 -0.01265517 0.03921335 -0.05125352 -0.02000249 0.03722093 0.07226944 0.02231892 -0.00622253 -0.02881288 0.06838625 -0.07181136 0.03428213 -0.03940061 0.03880491 0.02567354 -0.01600936 0.01469956 0
0.07043114 0.10615241 0.00297553 0.04186175 0.10964841 -0.03154215 -0.09054351 0.06025547 -0.09697242 -0.03277486 -0.00610598 0.015147 -0.07242242 0.05205869 -0.10282608 -0.02029059 0.06286462 -0.04338532 0
0.11480559 0.12376814 -0.05774949 0.00652621 -0.08926293 -0.01748868 -0.09888672 -0.01865271 -0.14778285 0.04690995 0.01915603 -0.00339752 0.01806571 -0.01064821 0.06138764 0.00647685 -0.04026367 0.08910089 0
0.08145993 -0.00836573 0.0919215 0.05015873 0.0121457 0.05286238 -0.06199146 -0.04596824 -0.03314561 0.03283073 -0.04064688 0.00453218 -0.04888929 -0.01331214 -0.00566803 -0.04505082 -0.06662795 0.01062857 0
-0.02641701 0.01776568 0.02681068 -0.02238686 0.00255455 -0.0024417 0.03132462 -0.0007293 -0.02440464 -0.03741927 0.08451614 -0.09955163 0.00685993 -0.03877272 -0.00335578 0.03430232 0.00662171 -0.01178955 0
-0.07695518 -0.02386528 -0.10532937 0.02261362 -0.01274037 0.00829368 0.04363512 0.09167549 0.05520385 -0.04487186 0.09168 0.01903201 -0.03172258 0.03114487 0.01030215 0.0334759 -0.10505191 0.02570397 0
-0.0132161 -0.10098868 -0.10224194 0.01675319 -0.00132417 0.02100291 0.04692725 -0.07673549 0.11261673 0.02578846 0.02043569 0.11881667 0.01754196 -0.19564021 -0.07317615 0.22853959 0.12126689 -0.13932801 0
-0.07597104 -0.10280072 0.02506335 0.00064741 0.00867822 -0.0576936 0.07557861 0.03981814 0.10158659 -0.04957361 -0.0275944 0.02637898 -0.00834949 0.02769108 -0.02292989 -0.01499722 -0.04154127 0.05138397 0
-0.15178398 -0.15290628 -0.22616342 -0.06733091 -0.12529636 0.17500909 0.15933867 0.01863146 0.14020923 0.05336561 -0.18505338 0.1912418 0.14129802 -0.16173062 0.07356779 0.08483709 0.05212097 -0.09389337 0
0.29122774 0.08918621 0.16542973 0.20812803 0.13555015 0.05112854 -0.20043631 -0.10931887 -0.18681886 0.15835862 -0.22424463 0.1485824 -0.07628686 -0.16595378 -0.24449361 0.10719919 -0.02869021 -0.05743934 0
-0.02119841 -0.07571742 -0.01233434 -0.02164473 -0.0754879 0.0232991 0.0704861 -0.0676144 0.04243419 0.07131414 0.01154633 -0.00526431 0.03403228 -0.02140219 0.07291676 -0.01242148 -0.01971972 0.01712397 0
0.07325984 0.02219556 -0.01122088 -0.05209425 -0.04501793 -0.01439215 -0.04084463 -0.01564015 -0.06144795 0.01524768 0.01902965 -0.00490829 0.0449646 -0.01157353 0.02396155 0.01134148 0.04430584 -0.02768428 0
0.0714915 0.10675579 -0.07222506 -0.08368535 -0.15578858 0.01000624 -0.07920826 0.01917462 -0.09638857 0.0315665 0.07106514 -0.05785679 0.0985822 -0.02321062 0.14367779 -0.03108275 0.05993837 -0.02448189 0
-0.06501106 -0.06534694 -0.00134025 -0.04450666 -0.08656085 0.03621387 0.08246146 0.00575516 0.05807611 -0.00936043 0.02766663 -0.00260135 0.0817895 -0.05134372 0.06937153 0.01610348 0.04726421 -0.09843554 0
-0.03039929 -0.01405841 -0.00411011 0.00459624 -0.01774745 -0.07727787 0.01659911 0.00706561 0.03457072 0.01295586 0.04809359 -0.05116987 0.0024381 0.03475524 0.00206525 -0.00742133 -0.00301785 0.0172591 0
-0.02959136 0.13237584 0.09256867 -0.13585006 -0.0971847 0.06105813 -0.05457353 0.06166357 -0.07964713 -0.01883661 0.01093873 0.02191984 0.07757082 0.03420734 0.1936811 -0.08150677 -0.09130526 0.08628551 0
0.08423561 0.01951256 0.09610875 -0.10622916 -0.120916 0.06220917 0.01581615 0.06782258 -0.0930522 -0.02108772 0.00817996 0.00318099 0.08003267 -0.04898562 0.14409342 0.02311023 0.03262757 -0.03762939 0
-0.04570914 -0.01851822 -0.00251079 0.00284686 -0.00770566 -0.06763249 0.02246044 -0.00195432 0.05417032 0.00836115 0.05940982 -0.04918105 0.00434775 0.01216178 -0.01001785 0.00952787 -0.0037641 0.0287402 0
0.09563522 0.09400442 0.06181047 -0.04575867 -0.1124885 -0.02915432 -0.09494698 -0.08566324 -0.0813207 0.06078428 -0.07227559 0.01301181 0.08510945 0.01836799 0.09011614 0.00110403 0.01154226 -0.01945372 0
-0.04112627 -0.07189356 0.06968348 -0.04090262 -0.14347467 0.04244576 0.08219429 -0.06491785 0.02251436 0.09878691 -0.09219621 0.02041771 0.00333243 -0.01249833 0.18724559 -0.02618108 0.00185577 0.03910782 0
0.01925939 -0.06234926 0.0057595 -0.08129814 -0.08933506 0.08433724 0.02268673 -0.03200554 0.0357034 0.04244233 -0.02715976 0.02025882 0.09451523 0.02102294 0.08130544 -0.05060576 -0.01131501 0.00872648 0
-0.13022962 -0.24078638 0.00147274 -0.1590877 -0.30696344 0.01739864 0.13726393 0.04612368 0.25170879 -0.01863075 0.02151544 0.01404429 0.24152302 0.00560092 0.17063642 0.07031961 -0.10210293 0.06278167 0
0.01565897 0.03049343 0.08780832 -0.07262018 -0.03107533 0.01131286 -0.00033941 -0.01174209 -0.04217682 0.00729946 -0.14232707 0.08888763 0.0240414 -0.04964384 0.06662565 0.01806435 -0.04244407 0.07482168 0
-0.06522695 -0.08972361 -0.0484895 -0.03374215 -0.04872401 0.04424844 0.10420293 0.04019039 0.08456574 -0.05606848 0.00340535 0.03716741 0.05145185 0.02266968 0.01988343 0.03196478 -0.04780158 0.03281849 0
-0.06745269 -0.09771472 0.02853413 -0.00443984 0.01225062 -0.04856983 0.06794542 0.03754876 0.09465665 -0.04648521 -0.02963465 0.02832534 -0.00677879 0.01498282 -0.02721944 -0.00476118 -0.03441561 0.04602395 0
-0.02790481 -0.0083759 -0.04933514 0.03483416 -0.03568839 -0.02029144 0.05795011 0.00642873 -0.00556267 0.04739662 0.02556158 -0.04247486 -0.02120945 0.02838825 0.01037398 -0.04351231 -0.03108695 0.07191009 0
-0.06252125 -0.02377515 -0.02525977 -0.14838255 -0.07608711 0.00607231 0.04489896 -0.03114933 0.03719428 0.05375474 0.05200815 -0.07808824 0.10514703 0.0532087 0.15103684 -0.08873343 -0.00237089 -0.00030345 0
0.09979942 0.06711074 0.06614672 0.16779199 0.07944072 -0.00880566 -0.09556107 -0.02544424 -0.10797193 0.03051921 0.03843445 -0.0185183 -0.11584601 -0.08870351 -0.0964874 0.06748005 -0.02674338 0.05642916 0
-0.05023329 -0.03628868 0.02104477 -0.01785951 -0.09064143 0.02560837 0.06877823 -0.05103725 0.02246807 0.03594384 0.04454354 -0.03532227 0.07702224 -0.02333752 0.05394635 0.01119771 -0.01504578 0.02171069 0
0.01551796 0.02229701 0.06022295 0.0196093 -0.02274425 0.03095345 -0.00822193 0.01213021 -0.03479227 0.03467768 -0.00360823 0.00475617 -0.03030108 -0.08159738 0.07456542 0.02765652 -0.04884839 0.03287226 0
-0.02628799 0.02350494 -0.02689449 -0.13330873 -0.10910123 -0.01561548 0.01227534 -0.00358373 -0.04774947 0.03827716 0.04340718 -0.03803055 0.14362112 0.07427683 0.11928593 -0.13510117 0.08462876 -0.03876999 0
0.0722789 -0.01368052 0.00975168 -0.13238534 -0.0036989 -0.14495246 -0.07279748 0.00313533 -0.02882297 -0.02779096 0.10189896 -0.04842658 0.08411753 0.11491675 0.00978165 -0.06524893 0.02618063 -0.02088654 0
0.04014677 0.04198716 -0.07317845 0.15641203 -0.06170124 0.0537949 0.02781472 -0.1134989 -0.07605178 0.01109464 0.13529147 -0.16132306 -0.03987756 -0.1267407 -0.07156614 0.09612821 -0.03415138 0.11265796 0
0.03730746 -0.02243423 -0.02268227 -0.1527345 -0.16505802 -0.04379348 -0.0083331 0.0202139 0.00676671 -0.00858727 -0.04297016 0.03951514 0.13004098 0.09926423 0.17235874 -0.0754063 0.03147974 -0.02932315 0
0.02037516 0.00235453 0.01537577 -0.14006565 -0.17797768 -0.01181063 -0.01705867 -0.06700699 0.01522102 0.02175701 -0.02412947 0.03130149 0.18376595 0.04547751 0.13356358 -0.05056445 0.0326619 -0.05032974 0
0.0421333 -0.00632875 -0.04619985 -0.13003722 0.01138924 -0.03144365 -0.0307847 -0.02025325 -0.02990222 0.0157114 0.02024608 0.02495542 0.05768729 0.04501252 0.02608779 0.0331947 0.00511172 0.02498468 0
-0.03843078 -0.03124345 -0.02882499 4.787e-05 -0.00368548 -0.00862255 0.05409027 -0.02808592 0.04051433 0.03729832 0.00868383 -0.02762463 -0.03061423 -0.03326107 0.02167981 0.02204748 -0.00647639 0.00928459 0
0.03982365 -0.03704134 0.03366017 -0.07472104 -0.10939963 -0.00357761 -0.01248463 -0.0928855 -0.01146874 0.12335586 -0.00502989 0.00439058 0.11899182 -0.05899917 0.07512107 0.03411744 -0.00257414 -0.01983937 0
0.02096374 0.02837678 0.01836614 -0.06000051 -0.01202487 0.07049942 -0.04579249 0.00561007 -0.00212665 -0.01487591 -0.03583833 0.00920329 0.02783716 -0.04204249 0.0551922 0.01844213 0.01020975 -0.03199812 0
-0.00964488 -0.00341481 -0.06076569 -0.09545502 -0.0836327 0.04817146 -0.01560015 0.05568838 0.00519667 0.01384101 0.01941587 -0.02883225 0.08738798 0.00649496 0.12829674 -0.04043153 -0.02579542 -0.00349959 0
-0.071685 -0.08451263 0.03186591 -0.18294614 -0.18958525 -0.01661099 0.04826363 -0.02285222 0.09780196 0.02238848 -0.05291256 0.06374527 0.15837115 0.04381128 0.20497631 -0.05765314 0.05627731 -0.05806801 0
0.00885768 0.01128149 0.04396145 -0.06219111 -0.11629137 0.04535159 -0.0167467 -0.00395559 0.00438777 0.02668691 -0.07002424 0.02237998 0.10222814 -0.0382639 0.0512953 0.05187231 -0.02232119 0.04895743 0
-0.0318571 -0.00589146 -0.01766842 -0.16570711 -0.0563246 0.05002953 0.03912933 -0.01767279 0.00303783 0.00496311 0.02709521 0.01236094 0.11082535 0.05850911 0.07846729 -0.11608839 0.01499399 -0.03424712 0
-0.02302229 -0.02511831 0.01794962 -0.12779218 -0.12248785 -0.01281384 0.03547717 0.01020882 0.00128753 -0.00605818 -0.02141891 0.05165975 0.15540412 0.03464401 0.10963156 -0.00778188 0.02713476 -0.02390477 0
-0.16344059 -0.08276731 -0.06608338 -0.10450911 -0.14241674 0.02271486 0.08975775 0.03074065 0.15221225 -0.00805376 0.06829948 -0.03281723 0.17918326 -0.06683715 0.05625158 0.08233778 0.02061581 -0.04377322 0
-0.04438851 -0.03459121 -0.01407553 -0.1032847 -0.09083383 0.00991443 0.02933425 -0.05425193 0.05369268 0.03316054 0.01485743 0.00473882 0.09977493 0.02781104 0.10355725 -0.02172685 0.05765211 -0.06131727 0
-0.01055284 -0.05310747 -0.04061294 -0.01013611 -0.07103307 0.02025074 0.02965481 0.03931868 0.02553087 -0.00551561 0.01058963 -0.03314528 0.01907248 -0.05661885 0.05247548 0.04842282 -0.036426 0.04776447 0
0.06932951 0.00584439 0.00222232 -0.08670407 -0.10953229 -0.02622545 -0.03892124 -0.04953065 -0.0102079 0.0356404 -0.02286133 -0.02211665 0.05811321 0.03642147 0.11846917 -0.03405891 -0.02580099 0.05831146 0
-0.02660963 -0.0351958 0.08266148 -0.14131303 -0.13915903 0.04237747 0.03028943 -0.04300608 0.02032082 0.02260721 -0.03119054 0.00399732 0.13356534 -0.03560016 0.14509061 0.00562656 0.04726166 -0.01818003 0
-0.02304939 -0.04775603 0.08793968 -0.0133269 -0.11163479 -0.00131983 0.05113358 -0.09730832 0.05125398 0.04162623 -0.07908887 -0.01462127 0.06820381 -0.01818523 0.06040321 -0.02002945 -0.03349693 0.0436256 0
0.06443604 0.01296835 0.06827694 0.01976879 -0.06718831 -0.01876668 -0.01337373 -0.0685676 -0.06253845 0.08466177 -0.02344302 0.00967702 0.0361785 -0.03209174 0.00206104 0.03586008 -0.04112964 0.07213313 0
-0.08076062 -0.13984887 0.01215144 -0.04792065 -0.0336664 -0.03250769 0.08642962 0.00995576 0.15461562 -0.0393373 -0.04446056 0.02640133 0.03348464 -0.02669768 0.07938776 -0.0100561 0.00236156 -0.00931176 0
0.07435031 0.04329789 0.0044203 -0.03517627 -0.04431728 0.03888815 -0.03166976 -0.05122851 -0.09817778 0.02155619 0.03484496 -0.05366066 0.03135041 -0.0047204 0.05571721 -0.03102979 -0.04584103 0.01313195 0
-0.04094592 -0.05679323 -0.00782874 -0.007225 -0.03055404 0.04604878 0.06521797 -0.03790054 0.01205774 0.07241292 0.03442848 -0.00611503 0.04632161 -0.04069802 -0.00213001 0.02382829 0.00595625 -0.04960037 0
-0.03315848 0.05987191 -0.05136388 0.06548546 0.06555089 -0.05592901 -0.10627689 0.00515503 0.07504231 -0.01932479 0.02974891 0.01630061 -0.03945656 -0.01537801 -0.09258574 0.0241354 0.02019646 -0.02066823 0
0.021352 -0.00898533 -0.02233661 -0.15282273 -0.16212077 0.09991622 0.02652287 0.01432589 0.01575428 -0.0015195 -0.01072865 -0.01397276 0.08728424 0.04673719 0.19903565 -0.02025448 -0.1170515 0.1013917 0
-0.12135472 -0.05496372 -0.02986219 -0.12330001 -0.08123595 0.05327946 0.09330862 0.02580965 0.05273772 0.00423468 -0.00209148 0.03163675 0.09042309 -0.02365367 0.12331862 -0.01080117 0.0456302 -0.02580707 0
-0.0106248 0.05156332 -0.00030039 -0.08345928 -0.03291863 -0.0285812 -0.00330473 -0.02376371 -0.05865197 0.03185958 0.04890348 -0.02256619 0.0428625 0.01970672 0.04941874 -0.00609902 0.1012399 -0.07799048 0
-0.03090145 -0.03259662 0.00866855 -0.09754337 -0.10441551 -0.01640146 0.01827825 0.01115301 0.05310462 -0.03879429 -0.00235418 -0.01252507 0.11482927 -0.01637798 0.09210323 0.01241398 0.03308458 -0.00362205 0
-0.07897131 -0.12000271 0.03807294 -0.0396175 -0.00602387 0.04240206 0.12683491 -0.00876369 0.12894214 -0.01166151 0.02356704 -0.0450671 0.01803241 -0.05348958 0.02868137 0.04033755 0.00080672 0.0109416 0
0.05163991 0.00619731 0.00337077 -0.07875039 -0.07129734 -0.06665497 0.01843048 -0.10396391 -0.04009326 0.07892413 -0.02623624 -0.00571817 0.05036004 0.02800415 0.07984278 -0.01500047 0.01685887 0.01946693 0
-0.04699027 -0.10242954 -0.00842298 -0.10240987 -0.11096445 0.05183465 0.08121825 -0.01519872 0.05610663 0.03821649 0.03500398 -0.03366411 0.09801071 0.01144006 0.12143701 -0.04744042 -0.03794981 0.04621364 0
0.0366277 0.0078142 0.00432412 -0.08320252 -0.08626302 0.0215961 -0.00665726 -0.02840141 -0.03389569 0.01025146 -0.02965862 0.01589935 0.08121336 -0.04917243 0.07619857 0.05617228 0.05293305 -0.03471538 0
-0.05774 -0.05560196 -0.02430343 -0.06006445 -0.06917433 0.04261812 0.03917051 0.01522607 0.05157963 0.03482368 0.00255298 0.03782794 0.11178208 -0.03958676 0.03474909 0.02550385 0.01490623 -0.06548226 0
-0.04420953 -0.04294461 -0.01847127 -0.04623628 -0.06118918 -0.04116017 0.0280685 -0.05008521 0.04630138 0.0371066 -0.01154482 0.04151775 0.044414 -0.00984235 0.03073617 0.03001443 0.01393171 0.01001288 0
-0.02842368 -0.01361972 0.00461755 -0.13549466 -0.11131595 0.00789468 0.04756631 -0.06376461 -0.00250729 0.06441679 0.06646744 -0.07026077 0.07869535 0.0284535 0.14539578 0.00061903 0.02159538 -0.02638834 0
-0.04427752 -0.03561073 -0.01384084 -0.15161881 -0.07198901 0.06296829 -0.01350719 0.01235677 0.08976867 0.04047003 -0.11713485 0.06552922 0.08650854 0.03949758 0.13368267 -0.06662814 0.02703879 -0.03375025 0
0.03808274 0.01109206 -0.00161886 -0.1276362 -0.11198849 0.04732843 0.00238051 -0.03554803 -0.03229579 0.0911001 -0.01427482 -0.01797699 0.13869201 -0.05616855 0.13218148 0.01267224 -0.00876115 -0.02552822 0
0.23451812 0.15845727 0.05876659 0.13573652 0.03824539 0.10575755 -0.17096038 -0.1294735 -0.20802652 0.10003481 -0.05979883 0.06023425 -0.08577324 -0.11870839 -0.07141376 0.09181803 -0.05192808 0.00945664 0
0.0626255 0.0313081 0.0669486 -0.13822841 -0.09761994 0.01097043 -0.05029916 -0.1215129 -0.04024232 0.07315777 -0.07854594 0.08955874 0.10998142 0.02038942 0.11832622 -0.0173076 0.04395186 -0.05007891 0
0.02018028 -0.02209945 0.02728485 -0.0875127 -0.0775139 -0.02607422 -0.02334942 0.01395714 0.02072962 0.02028504 -0.06859168 0.06715022 0.08421118 0.06547106 0.09489512 -0.04443185 0.01676067 0.02405779 0
0.04784951 0.01242511 -0.00980725 0.0473904 0.04351113 -0.01068829 -0.02786388 -0.02250109 -0.01361706 0.01560012 0.01784532 0.00695244 -0.03179082 0.00383305 -0.07059788 0.01538875 -0.02885419 0.03579954 0
-0.10209507 -0.09273537 -0.0337033 -0.0861202 -0.04924971 -0.01702986 0.06678166 0.11902863 0.09592703 -0.09329155 -0.00507907 -0.0432043 0.04831651 0.03073801 0.08701211 -0.02113539 -0.04005776 0.01718815 0
0.04213518 -0.00019211 0.03295371 -0.04690663 -0.09732629 0.05621679 -0.02800925 0.00524127 -0.03533686 -0.02981051 0.06640329 -0.06475779 0.03408085 -0.09152547 0.05078966 0.09148437 -0.04212332 0.09213818 0
-0.0465663 -0.02055248 0.06455027 -0.09138234 -0.09317413 -0.01358419 0.00602769 -0.01987342 0.06601232 -0.02543319 -0.04455693 0.05383418 0.08729672 0.02689853 0.06770701 -0.00364899 0.02212849 0.01612296 0
-0.06021837 -0.0698189 -0.10062845 -0.19037443 -0.07651232 -0.01566836 0.07388558 0.00639077 0.01603628 0.05176169 0.04018074 -0.0224898 0.08253808 0.09362075 0.14641129 -0.05995177 0.05068546 0.05851726 0
-0.04723733 -0.02157529 0.00838804 -0.00117057 -0.05967447 -0.01086545 0.0533554 -0.05837534 0.01746129 0.03204064 0.03830319 -0.01063637 0.03319928 -0.0659963 0.0531625 -0.01494409 0.01176199 0.00879692 0
-0.00347621 -0.01262222 -0.02546572 -0.10965359 -0.05130879 -0.04631401 0.00816764 0.0205502 0.01455523 -0.03014242 -0.00591519 -0.00815674 0.07800192 -0.01015874 0.06495524 0.03366761 0.03043121 0.00843573 0
-0.0414152 -0.04672466 0.0112945 -0.08123476 -0.12821865 0.02203051 0.04195584 0.00293394 0.02834258 0.00801934 -0.0276608 0.01189547 0.11850171 -0.03853845 0.09847863 0.01035949 0.05337259 -0.03564473 0
0.1191242 -0.05779977 0.03943691 -0.11372932 -0.07128282 0.04290544 -0.01300054 -0.0968462 -0.01283439 0.05682908 -0.07734839 0.04779652 0.1277711 -0.02817736 0.0768787 0.04044288 0.01525475 -0.02424664 0
0.00825127 -0.08208246 -0.03061032 0.02654383 0.00881389 0.0154084 0.03287514 0.01914566 0.01442797 -0.012207 -0.03698335 0.0473252 -0.0373835 -0.06185124 0.00236882 0.04216952 0.00556464 -0.01802588 0
0.10813664 -0.00521457 0.02938253 -0.05257683 -0.13432384 0.13339946 -0.04275973 -0.03655365 -0.03890044 -0.01038863 -0.05593483 0.05565498 0.0925421 -0.06719647 0.09849275 0.01625789 -0.09635898 0.06819234 0
0.02530891 -0.03131184 0.0661005 -0.1456752 -0.16335893 0.05242162 -0.02781331 -0.04153913 0.01360642 0.0375714 -0.07428533 0.05828482 0.15691225 -0.07077827 0.14317643 0.03978458 0.01473606 -0.03565926 0
-0.00635278 -0.0441804 -0.0335853 -0.08874321 -0.04760637 -0.01907395 0.04023575 -0.0922827 -0.02404716 0.13952775 0.03418147 0.01800212 0.09126762 0.04273904 -0.00235261 0.01065395 0.11367072 -0.055307 0
-0.02754424 0.0287447 -0.05905554 -0.08668106 -0.07916406 -0.03912785 -0.01465155 0.01360297 0.01766657 0.00769526 0.01079348 0.02110034 0.07111045 0.0079959 0.08719024 0.01445461 0.05153624 0.00075395 0
-0.07383223 -0.11468451 0.00408786 -0.05001158 -0.00729712 0.03748011 0.11790621 -0.05786219 0.05265594 0.05894062 0.09753573 -0.06563223 0.04281918 -0.05077539 0.02210444 0.03178717 0.01247576 0.02815418 0
0.14448973 0.05495452 0.11085957 0.04258579 0.02625926 0.05751146 -0.13932938 0.06501582 -0.03905764 -0.11467969 -0.10893666 -0.02793084 -0.09916454 -0.0150592 0.05728183 0.03840363 -0.25233631 0.20533602 0
-0.0087524 -0.03285463 -0.02520641 -0.18503887 -0.17856027 -0.00428534 0.03162401 0.0386382 0.01769289 -0.01433366 -0.00180694 0.008874 0.13738239 0.07871653 0.24472801 -0.10393181 -0.01147962 0.02921868 0
0.04252704 -0.02455013 -0.07436337 -0.18354236 -0.22887904 0.00395431 -0.01549321 -0.12401021 0.0010444 0.12753784 -0.02802117 0.04306291 0.22487173 0.00912488 0.21353134 0.00858132 0.03969063 -0.03785348 0
0.0267084 0.04976137 -0.07009713 -0.08973366 -0.11276542 0.01146431 -0.01360976 0.0044134 -0.07025404 -0.01051336 0.03995173 0.0661768 0.1138691 0.02754057 0.08821804 -0.04772922 -0.04318869 -0.00744382 0
0.01798995 0.04360571 0.02549811 -0.05765784 -0.16241397 0.02666962 -0.02523522 0.03137357 -0.02920077 0.01445686 -0.07167093 0.05191238 0.1432694 0.04219974 0.12224638 -0.05813172 -0.06876454 0.02614737 0
0.01746744 0.05914785 0.01267302 -0.02847989 -0.09985505 -0.0312525 -0.06402471 0.02820388 -0.0094171 0.04700908 -0.01270226 0.00207346 0.08349983 -0.03536759 0.07966922 0.00920849 0.01525263 -0.01488456 0
-0.0026976 -0.03753943 0.01428601 -0.09149728 -0.14300226 0.01303864 0.03067926 0.01143061 0.00630443 0.03725879 -0.03807359 0.06966013 0.13499163 -0.09093755 0.11941522 0.08835718 0.05073913 -0.04842098 0
-0.00226737 -0.01235114 -0.02952875 -0.02726583 -0.06885363 0.14008608 0.01420319 -0.08198481 -0.00334921 0.0748706 -0.07610397 0.1025687 0.0376977 -0.11287232 0.05974894 0.13886386 -0.11767353 0.07801508 0
0.09367367 0.15373542 -0.04874401 -0.19998512 -0.17437184 -0.05739101 -0.16959264 0.01329998 -0.07159947 -0.04006967 -0.07797646 0.03066663 0.16951276 0.04994145 0.19164788 -0.0164445 0.08529291 -0.04238926 0
-0.01116936 -0.05581028 -0.05582671 -0.02886627 0.0193258 -0.01113811 0.0166645 0.0185209 0.06319936 0.05898432 -0.03092161 0.07454422 0.03738005 -0.00483866 -0.00792784 0.00324407 0.09774846 -0.0823744 0
0.09371975 -0.0618291 -0.01893227 -0.05020574 -0.0019944 -0.03949674 -0.00282898 -0.0584205 -0.05278509 0.0795133 0.00410965 0.01113305 0.02635769 0.06027935 0.01620466 -0.05016028 0.08929954 -0.06277536 0
-0.0107027 -0.06135064 0.03511058 -0.15388048 -0.12217404 -0.00470501 0.05371792 0.01940733 0.02282443 0.04665452 -0.15120101 0.14586605 0.14505976 0.00920897 0.13367714 -0.00921462 -0.0139271 -0.03075122 0
-0.04357941 -0.01996919 -0.03173055 -0.14697142 -0.05460673 -0.01482682 0.02765201 0.0185592 0.01728744 0.02140884 -0.02470295 0.04017617 0.10392459 0.0644065 0.09099073 -0.05564289 0.06984662 -0.04866661 0
-0.10771889 -0.04887181 0.00287487 0.05086718 0.02311084 0.03183523 0.09772386 0.01370416 0.05567919 -0.02174685 -0.02991806 0.03731527 -0.08558529 -0.0762495 -0.02134951 0.04741374 -0.01915382 0.05481717 0
-0.02842062 -0.01033959 -0.05644583 -0.01700637 -0.03649277 0.00382446 0.04860769 0.03180853 -0.01264685 -0.00129623 0.07073826 -0.04076105 0.00471163 0.05560708 0.04199761 -0.06708921 0.04146702 -0.04057637 0
0.02381172 -0.07472698 0.07714988 -0.00813028 -0.04367383 -0.00370912 0.02871066 -0.09523034 0.03152144 0.06707413 -0.18291386 0.1542244 0.02429336 -0.02826593 0.02381433 0.04648553 -0.09624074 0.08770515 0
-0.04958379 -0.04276542 -0.06015357 -0.13671325 -0.10674645 0.03051808 0.06618971 -0.00360421 0.02352753 0.00300297 -0.00075465 0.01126238 0.12187045 0.05572624 0.13356047 -0.04138028 -0.00864944 0.02774309 0
-0.022314 -0.03920797 -0.00042711 -0.13034498 -0.2190779 0.10272129 0.03164936 -0.03425753 0.0119585 0.06548934 -0.01028855 -0.00400312 0.16179244 -0.00298317 0.18683612 -0.01469694 -0.06788532 0.01139821 0
0.15891571 0.09676366 0.0663073 -0.07136101 -0.02024827 -0.01193593 -0.13456759 -0.10654068 -0.14346656 0.07785344 -0.12345792 0.12197703 0.08063077 0.07170233 -0.02819752 -0.07039455 -0.04532839 0.02621537 0
0.03928734 0.03562334 0.08255987 -0.13042709 -0.15536079 0.01479419 -0.00665782 -0.13175193 -0.08584317 0.15235901 -0.02504603 -0.03023827 0.10972644 -0.06122743 0.18067138 0.06190568 -0.03659928 0.06166232 0
0.10528238 0.0747363 -0.06539201 0.0229477 -0.04900542 -0.01561866 -0.0772826 -0.01312528 -0.09045946 0.00311449 0.00899221 0.01386884 0.02347912 -0.02125557 0.0160188 0.03704577 -0.08425916 0.07662975 0
0.02665625 0.0171463 -0.06353597 -0.07399926 -0.08122579 -0.02511819 -0.03453791 0.03622228 -0.01530146 -0.00174957 -0.00810744 0.0237432 0.07357472 -0.01191971 0.09020361 0.00736355 -0.01177529 -0.01218625 0
-0.05893608 -0.03498515 0.02540947 -0.10083969 -0.07227954 0.01418139 0.03776786 -0.00919338 0.04438968 0.01708981 0.05080011 -0.06668101 0.07734051 0.04827558 0.05478989 0.00136004 0.02007332 -0.00224656 0
-0.05230618 -0.04724472 -0.02007748 -0.07593646 -0.0637366 -0.0469556 0.05635488 -0.00486638 0.06050359 -0.00736664 0.03161381 0.0066476 0.04461023 -0.00596241 0.0779711 0.02198618 0.03675685 -0.02491665 0
0.06629434 -0.01484424 0.0589371 -0.13603097 -0.07695646 -0.19423108 -0.01966416 -0.04008479 -0.02822243 0.03131867 -0.02943527 0.00824674 0.11258996 0.11606023 0.13439389 -0.05489272 -0.00978962 -0.0247047 0
0.00762393 -0.02338127 -0.01007543 -0.01089003 -0.00475258 -0.06194868 0.05360964 0.07334994 -0.05048043 -0.06756749 0.01259388 0.00526748 -0.01915886 0.11432908 0.01164364 -0.06841078 -0.04598602 0.07441452 0
0.06109276 0.04525988 0.08391495 0.1680796 0.05105482 0.07708142 -0.06052416 -0.07698884 -0.03086318 0.04476111 -0.07429043 0.03642713 -0.12054956 -0.03396243 -0.09708039 -0.00353894 -0.09164446 0.07591567 0
0.06763801 -0.02835357 0.06041916 -0.23701015 -0.10417727 0.02352682 -0.00322429 -0.1044694 -0.06391721 0.09918635 -0.01327004 0.03447825 0.14345596 0.08797568 0.23268463 -0.08075743 -0.04102992 0.01809164 0
-0.01805633 -0.00540689 0.00390669 0.04962835 0.00422086 0.00376401 0.01475952 -0.09150858 -0.00099651 0.09736538 -0.03071536 0.04847257 -0.06448946 -0.05820557 -0.01540549 0.07428896 -0.03989022 0.04585838 0
0.10682263 0.06017436 0.02165409 0.00853567 -0.05894095 0.02976431 -0.0817967 -0.01834241 -0.0489142 0.00567013 -0.03809936 0.00911083 0.06730606 -0.01169216 0.00673711 0.0132015 -0.08945363 0.04426827 0
0.2235907 0.22363858 -0.00452242 0.26658342 0.21905297 -0.02044927 -0.24148978 -0.04453071 -0.2092746 0.05192664 -0.0199247 0.0312879 -0.22801228 -0.08136097 -0.31142106 0.10124215 0.04003285 -0.00218057 0
0.01721667 0.00411344 0.0036515 0.00620772 -0.03644772 -0.05171868 0.01788993 -0.02319046 -0.06080147 0.05748759 0.03052877 -0.05017559 0.01429445 -0.00613209 0.04475848 0.03141654 -0.00431115 -0.00561553 0
-0.09774566 -0.05301412 0.01972506 -0.13070295 -0.12395388 0.00694951 0.07162308 0.01720911 0.07556213 -0.03286888 0.02040275 0.00611997 0.13838068 0.036139 0.16788727 -0.04340661 0.01357484 -0.03436 0
-0.0541085 -0.02985356 -0.004886 -0.04748951 -0.03144395 -0.02103227 0.06473397 -0.05327023 0.03341814 0.05412582 0.02590833 -0.02541218 0.01968542 -0.00055249 0.03345127 0.04090637 -0.00357259 0.05115443 0
-0.05369578 -0.0064896 0.07687168 0.05356913 -0.10997247 0.05428204 -0.02360147 -0.00531982 0.0739331 0.00635543 -0.08577407 0.11155464 -0.00668512 0.00219895 0.04315038 0.00609202 -0.08300014 0.05600805 0
-0.03072673 -0.03208708 -0.00537441 -0.04902392 -0.14867273 -0.00646163 0.0575827 0.00161186 0.01213146 0.04620698 0.04588286 -0.06047279 0.11153549 0.07829074 0.1086593 -0.03388433 0.01627281 -0.04661411 0
0.01930932 -0.04864019 0.02681022 -0.01270775 -0.04593404 -0.00908943 0.01684477 -0.05824961 -0.00265149 0.07982594 -0.11189855 0.0911768 0.01882738 0.00169213 0.0504954 -0.03516968 0.01941866 -0.05501321 0
-0.05235921 -0.01205967 -0.03758958 -0.00856652 -0.00967415 0.01310875 0.06805205 0.10545525 0.0064575 -0.05982011 -0.04702552 -0.01045018 -0.01648286 -0.07470635 0.0166797 0.07021516 -0.05847579 0.06151043 0
0.05419614 0.00922772 0.01023499 -0.07748357 -0.08886914 0.00856922 -0.05285574 -0.01532668 -0.01713639 0.03121718 -0.04652151 0.03399615 0.04933155 0.07708949 0.08124151 -0.07125318 -0.01745533 0.00935017 0
0.18184154 0.24462433 -0.08864333 -0.05073233 -0.08952216 0.06441729 -0.24756023 -0.0125325 -0.22715607 0.03423115 0.08130598 -0.04860129 0.10540168 0.01755106 -0.00301025 0.019344 -0.02502152 0.00632081 0
-0.04062908 -0.11384556 0.04600653 -0.08634407 -0.08833363 0.0322327 0.08330541 -0.05014098 0.12000388 0.00388814 -0.07235066 0.01431118 0.09307836 -0.03460862 0.09309682 0.04457938 0.00400897 -0.03310339 0
0.00421953 0.01962216 -0.05101572 -0.21053284 -0.16890869 -0.01666396 0.01511366 0.11113969 0.00430633 -0.09410298 -0.15555873 0.09233521 0.1845573 0.03649175 0.22938175 -0.06222457 0.05029691 -0.15087074 0
0.05286922 -0.01683482 0.01955556 -0.03033156 -0.03450237 -0.02732104 -0.00556459 -0.02098269 -0.01861746 0.03999464 -0.03549299 0.02207879 0.03593123 0.02615375 0.03065333 -0.02091369 0.04584915 -0.03885637 0
0.0457533 0.08338336 0.00880935 -0.05435951 -0.02897853 0.00197344 -0.0981491 -0.03182978 -0.00158501 0.03243133 -0.06953384 0.12210235 0.0270136 0.02001826 0.0649449 -0.01966206 -0.0349891 0.02815476 0
-0.10663975 -0.04430602 -0.01378992 -0.13773668 -0.19795853 -0.02820766 0.11466048 -0.0508316 0.04860652 0.04927003 0.0543765 -0.06249097 0.19830505 0.09117151 0.19377448 -0.10484604 0.08302577 -0.07890245 0
0.0039971 0.03124487 0.01798462 0.0443609 -0.01449583 0.02971846 -0.00723749 -0.06139394 0.01607333 0.01948067 0.01298945 -0.02652146 -0.04709804 0.08971751 0.06507418 -0.08994656 -0.05800395 0.03736351 0
-0.00951135 -0.04955993 0.04327753 -0.01718407 -0.01226675 0.00183017 0.00539692 -0.00038331 0.0549876 -0.01073975 -0.03741986 0.00290065 0.00547857 -0.04080277 0.01686656 0.05164389 -0.02718682 0.01897353 0
-0.04608834 -0.06428887 0.07237938 -0.14905542 -0.12054949 0.02992389 0.07519388 -0.03197619 0.05774231 0.03163192 -0.00013703 -0.01402213 0.12804888 0.02220516 0.14323032 -0.02073342 -0.03817188 0.02082592 0
-0.02519367 0.06055726 0.01604291 -0.17567107 -0.17025059 0.00505069 -0.03344361 -0.0448601 0.03508463 0.0441246 0.04068965 -0.05988012 0.22137188 -0.05294437 0.11062643 0.05087907 0.04818694 -0.05010236 0
0.02932341 -0.03390289 0.00076872 -0.03338998 -0.12453501 -0.06265913 0.02593948 -0.11655056 -0.00826018 0.08008414 0.12444079 -0.07923018 0.12471457 -0.1096373 0.04903857 0.11489382 0.05544701 -0.03837501 0
-0.00433992 -0.09034723 0.01992645 -0.07763339 -0.17419367 0.08338585 0.02812169 -0.09046041 0.07654626 0.07942571 -0.00673878 0.00755998 0.08074535 -0.0265211 0.11344314 0.01156922 -0.08740833 0.1294167 0
-0.00284121 -0.01168326 0.00250001 -0.04268468 -0.14962498 0.01673388 0.06312533 -0.02323682 -0.05332248 0.04728534 -0.00537709 0.0229479 0.0822321 0.02638312 0.11777673 -0.0595392 -0.04528069 0.01477711 0
-0.00832767 -0.04558305 0.14122883 0.03760386 -0.00545042 0.06698349 0.04140451 -0.08006065 -0.03260436 0.07076703 -0.002715 -0.01541097 0.06615593 -0.10222637 -0.0432363 0.1253284 0.04726066 -0.02886881 0
0.03836711 -0.00672969 -0.0079785 -0.04810404 -0.00707915 0.00882386 -0.01682107 -0.02815513 -0.02383409 0.02472109 -0.03619932 0.03183898 0.03293781 -0.00358796 0.04049346 -0.02125142 -0.02536707 0.02080502 0
-0.18167004 -0.28191341 0.14190851 0.14196265 0.01000783 0.06270882 0.23905579 0.05341833 0.22045988 -0.06798474 -0.14609694 0.12480955 -0.06928266 -0.17183068 -0.07034823 0.09834857 0.04049111 -0.08756582 0
-0.15853327 -0.12015287 0.00709077 -0.15628181 -0.13682559 -0.05483407 0.16037973 0.01233332 0.11994637 0.0112701 -0.01472501 0.0027349 0.16337032 0.03663117 0.10808531 -0.07670477 0.15424621 -0.11918551 0
0.07524851 -0.01966188 -0.01767801 0.00424726 0.03544163 -0.05433172 0.04975705 -0.20029336 -0.04523976 0.12670579 -0.00790031 -0.0091216 -0.01892523 0.03727068 -0.01374545 -0.0498897 0.07603588 -0.03596603 0
-0.12922091 0.00050712 -0.06703936 -0.02897956 0.02005552 -0.06875587 0.02737114 0.045918 0.05112612 0.02596221 0.02025397 0.02986429 0.0184568 0.11736129 0.01067458 -0.13732235 -0.02812504 0.02539436 0
-0.1923805 -0.16554854 -0.09308433 -0.1241911 -0.12120361 -0.0095937 0.11955804 0.12911634 0.19095368 -0.07858763 0.0791597 -0.07565714 0.12429984 0.03017401 0.14470544 -0.07648909 0.07640759 -0.05422765 0
0.09868318 0.05872887 0.02364125 0.09365623 0.02910215 -0.02658724 -0.12229763 -0.02838344 -0.03884006 0.02729005 -0.16878721 0.19659448 -0.03745581 -0.08233022 -0.08276522 0.02703142 0.08586269 -0.12625796 0
-0.0374487 -0.01465781 -0.0033146 -0.10411971 -0.11418766 -0.01182178 -0.00093358 0.02496352 0.03554521 -0.01471815 -0.09479582 0.07412921 0.08771955 -0.01449768 0.10726099 0.06184558 -0.0316302 0.06496963 0
-0.09885946 -0.19810128 -0.05795519 0.14440154 -0.00129496 -0.07967061 0.12194228 0.15550167 0.15602123 0.00125383 0.07185914 -0.09781943 -0.04191855 0.12950184 -0.05895846 -0.09830346 -0.12429545 0.08068609 0
0.27543418 0.04970232 0.02459628 -0.14031318 -0.02130766 -0.12654527 -0.18053732 -0.18822902 -0.17142821 0.2347517 0.04281876 0.02117471 -0.05800143 0.15147915 0.18714793 -0.12534432 0.01772904 0.10280619 0
0.34717045 0.11225602 0.20769528 -0.32903282 -0.3589339 0.09950825 -0.26066709 -0.15201413 -0.19997525 0.00534567 -0.32717702 0.25538669 0.36303788 0.11581212 0.38647698 -0.13353247 -0.03885691 0.00339844 0
0.05371297 0.08383104 -0.02764667 -0.09646366 -0.10376177 -0.01287318 -0.01266817 -0.06776801 -0.11600633 0.09033534 0.14461324 -0.1306587 0.08016005 -0.03565096 0.09244988 0.06033944 -0.01466832 0.02443346 0
-0.04245268 -0.04142131 -0.04828827 0.01732406 -0.00395893 0.07636361 0.00912036 0.01014112 0.0739646 -0.04068199 0.01706355 -0.02081819 0.03500267 -0.06063014 0.00240709 0.03705689 -0.03556919 -0.00309751 0
0.19315049 0.06370864 0.11263792 0.10762799 0.01697589 -0.08457591 -0.09654214 -0.11161855 -0.09886136 0.01437557 -0.08978184 0.01442232 -0.08588172 0.05969532 -0.00202748 -0.01478137 -0.1208124 0.09205662 0
0.01100659 -0.02067035 -0.13047618 0.15070985 0.016361 -0.0543306 0.02151005 -0.03017062 -0.03702104 0.1290619 0.04543753 0.01943939 -0.02246453 -0.06418358 -0.10578214 0.04958023 0.01960527 -0.02196924 0
0.07677599 0.0783676 -0.13036602 0.05572994 -0.06983605 0.02866464 -0.03340542 0.0013635 -0.10622081 0.01991509 0.18526064 -0.12220361 0.00460851 -0.02582042 0.01916476 -0.06946744 -0.10366754 0.07802335 0
0.02876204 0.05068584 0.01508723 -0.0893814 -0.17349458 0.06613213 -0.01711899 0.02260078 -0.05441494 0.00603995 -0.04504973 0.05358669 0.24407162 -0.0802772 0.04157397 0.05295607 -0.00873832 -0.02241364 0
-0.13772214 -0.07838704 0.00504929 -0.14122325 -0.15149431 -0.04465081 0.0853089 0.10459039 0.13032275 -0.03861893 0.04057182 -0.04566638 0.15501605 -0.03482341 0.13116965 0.05946409 0.00821954 -0.0427681 0
0.00875422 -0.04227357 0.00025122 0.07627345 0.05933314 -0.07480591 0.06068382 -0.08147876 -0.06213338 0.11346062 0.02645272 -0.04284049 -0.10974056 0.05106429 -0.04160807 -0.04760545 0.00838096 0.02550979 0
0.04737895 -0.0877422 -0.04545202 -0.10128233 -0.19779891 -0.12569255 0.01415564 -0.01406606 -0.00902694 0.09697323 -0.01078142 -0.01955293 0.1703571 0.01239532 0.04830738 0.10905066 0.00021727 0.00141678 0
-0.01922568 -0.0598902 -0.02893461 -0.05758081 -0.12761614 -0.03829792 0.06297365 -0.09239275 0.06043725 0.07520124 0.02197948 -0.06377274 0.11246798 0.0280727 0.08804494 -0.03848387 -0.04024026 0.08410758 0
-0.05774792 -0.00629764 0.05523522 0.03375844 -0.05060359 0.07494663 0.02639264 -0.06712867 0.07159653 0.03316366 -0.03467566 0.01310329 0.01269346 -0.12512814 0.05249384 0.06144978 -0.05988756 0.05080877 0
0.03201011 -0.03181723 0.00625425 -0.00510887 0.04838068 0.13790615 0.01340253 0.02628678 0.03167104 -0.04615301 -0.1246627 0.05391825 0.00310004 -0.0820146 -0.01106049 0.00350785 0.05795168 -0.09898868 0
0.17773822 0.16426855 0.07470762 0.06078966 0.02924209 0.03642505 -0.17572325 -0.08901896 -0.13164984 0.02852374 -0.13582617 0.06864719 -0.05246753 -0.03254536 0.00599992 -0.0470112 -0.07073737 0.05346674 0
-0.07049788 -0.03694409 -0.03094639 0.00077554 -0.01026351 0.02087899 0.01884841 -0.02098586 0.07241429 -0.0383796 0.10707095 -0.04142501 0.02629745 -0.0151044 -0.0063799 0.01300661 0.00242196 0.00849329 0
-0.07788435 -0.01027451 -0.07578661 -0.07748473 -0.10845571 0.10022513 0.03404647 0.00628927 0.04631773 0.0193424 0.08733533 -0.06701436 0.14333417 -0.02078134 0.04726279 0.01467987 0.0014833 -0.06677997 0
0.04662963 0.03943356 0.01134109 -0.18896514 -0.15258673 0.03717206 -0.02880642 -0.05800679 -0.08637456 0.07320891 -0.05699241 0.08360171 0.18612575 0.00365303 0.1213939 -0.00088729 0.03656689 -0.02546731 0
0.03306695 0.02553832 0.02395623 -0.18965879 -0.10023942 -0.01471328 -0.06187846 -0.0871734 -1.055e-05 0.06529802 -0.03840544 0.04613643 0.16351618 0.00934492 0.12228645 -0.01214996 0.04635096 -0.01692343 0
-0.05457239 -0.03632199 0.00071739 -0.03653034 -0.06450328 0.04996904 0.01844575 0.00238296 0.04066205 0.03927319 0.04323973 -0.01568472 0.05119051 -0.06487647 0.04947728 0.11090511 -0.13092232 0.05509433 0
0.00129332 -0.00397462 -0.01458024 -0.1301215 -0.1018797 -0.06142288 0.00019477 -0.04527969 -0.0083264 0.04211514 0.0165619 0.03359456 0.08882041 0.02450867 0.12906594 0.00626454 0.04045895 -0.04506436 0
-0.04056396 -0.053246 0.01140815 -0.10416274 -0.06907386 0.03655544 0.03485208 -0.03517974 0.05172585 0.06196192 -0.09821015 0.10929264 0.09476476 0.02280544 0.0810759 -0.04037274 -0.01271927 -0.03712193 0
-0.01404883 -0.0897852 0.01862542 0.02526469 -0.01666576 -0.05334826 0.05241907 -0.00204429 0.0884286 -0.01846488 -0.00768522 0.01290437 -0.0005458 -0.06531486 -0.04959942 0.07995726 0.04733767 -0.03896183 0
0.01029102 7.976e-05 -0.00123178 -0.0983876 -0.06409645 0.03221137 -0.02027913 -0.02361389 -0.0146023 0.06010575 -0.03788724 0.05144587 0.06958903 -0.0524817 0.1020948 0.01477899 0.04407308 -0.03176102 0
-0.00377748 -0.03852121 0.03798128 -0.0983865 -0.06314874 0.04885758 0.05130049 -0.0384961 -0.015767 0.05599384 -0.05161664 0.03063625 0.08546677 -0.00942577 0.05960819 0.02504352 0.06423255 -0.08534637 0
0.1101777 0.06669412 0.01626528 -0.08758492 -0.1320848 0.08314647 -0.07685282 -0.08393571 -0.09045668 0.11325707 -0.0496754 0.01514261 0.10910464 -0.05380676 0.16062397 0.00422262 -0.03058828 -0.00270113 0
0.16721365 0.2608766 0.03422282 -0.05492034 -0.03452808 0.03413265 -0.2278829 -0.10294277 -0.25809299 0.07676586 -0.01077453 4.661e-05 0.01940832 -0.11456097 0.04168105 0.09639376 0.01580292 0.03622893 0
-0.00893329 -0.02082214 0.05063071 -0.02398462 -0.05646298 -0.00385494 -0.00495232 -0.06981945 0.03660806 0.03891434 -0.08355427 0.04653366 0.03339748 0.0417629 0.07159245 -0.05434916 -0.05229487 0.03658927 0
0.01137808 0.05163379 0.03306038 -0.10884857 -0.09557296 0.03239504 -0.06655512 0.01169758 0.00639713 -0.03877109 0.02032865 -0.00142567 0.08188549 -0.00233246 0.12219988 0.01007689 -0.01760201 0.02356895 0
-0.06407249 -0.055319 -0.00098266 -0.10160612 -0.09969626 -0.00448991 0.10481724 -0.00917973 0.00802709 0.00774725 0.04215533 -0.03234185 0.11172093 0.01529015 0.10306493 -0.0080035 -0.00984096 0.00462661 0
-0.02919699 -0.08235911 -0.00956961 -0.11996859 -0.06238734 0.00460749 0.09443548 -0.06177578 0.00617995 0.04279935 -0.00219712 0.03135451 0.11464754 0.08854046 0.0695171 -0.06711294 0.04194755 -0.05323003 0
-0.04124985 -0.04104966 -0.03681278 -0.06977015 -0.03061012 0.08382396 -0.00147373 -0.03620312 0.0546633 0.06226885 0.0033508 0.06145027 0.05101069 -0.02014398 0.05776443 -0.02606027 -0.04980943 -0.00665117 0
0.0045049 0.05937931 0.01049954 0.02614827 0.0049777 0.04005121 -0.00992139 -0.04914326 -0.03545515 0.06539892 0.0389903 -0.03596997 0.04804264 -0.12666315 -0.02647428 0.0880883 -0.07099886 0.05679177 0
0.02521443 0.03543778 -0.01017204 -0.1222137 -0.10278477 0.03225279 -0.00334987 -0.14427762 -0.02057106 0.1005804 0.04374096 -0.00423834 0.15167141 -0.01464866 0.06468172 0.01669623 0.03919613 0.01373607 0
-0.01922547 -0.04818582 -0.02228418 0.0371523 -0.02299639 -0.03420508 0.0665355 -0.03497466 0.0362181 0.04289657 0.06653876 -0.0837057 -0.02323923 -0.00178629 0.04106849 0.01025662 -0.04225464 0.0519968 0
-0.04792259 -0.05007427 -0.01528146 0.02884908 0.00311564 0.01996609 0.07868842 -0.02546758 0.02214231 0.03332577 -0.01532468 0.05600848 0.01729161 -0.01427165 -0.04990535 0.01101046 0.04457814 -0.01652176 0
0.07302765 0.0840279 -0.01954275 -0.04596034 -0.03957804 -0.02356321 -0.08854932 -0.01819039 -0.04632177 0.00357542 -0.06412062 0.12058302 0.04936165 0.07765676 0.02706112 -0.07972465 0.02991727 0.04009964 0
-0.08594657 -0.09186933 0.01241739 -0.00104429 -0.03448264 0.03230614 0.116932 -0.00585668 0.07002894 0.01886286 0.00548135 -0.00422355 -0.0034732 -0.04291396 0.04802379 0.04801455 -0.03688849 0.02837854 0
-0.18871317 -0.13249259 -0.1554049 0.00474014 0.03345878 0.05009418 0.19253418 0.04001703 0.14791279 -0.05388332 0.16599937 -0.1600732 0.02556284 -0.01278015 -0.06925041 0.04065385 0.0137725 -0.00731161 0
0.01843475 -0.00944702 -0.08636906 -0.13532754 -0.11107652 0.06979413 -0.01632549 -0.05049583 -0.00962282 0.05346836 -0.01942857 0.05352655 0.12301682 0.03105223 0.15739304 -0.08562609 -0.08353991 0.03176722 0
0.11561581 0.06727914 0.05750692 -0.10609368 0.00318302 0.06875361 -0.1546439 -0.01150171 -0.0096704 -0.07309896 0.01382572 -0.01716269 -0.03761327 -0.01001129 0.12441245 0.02032225 -0.1701109 0.16856177 0
0.00830632 -0.02183995 0.02916451 -0.10528526 -0.11043142 2.166e-05 0.03224648 -0.02155528 -0.00949424 -0.01338381 0.00198477 0.01090136 0.07462566 0.07401531 0.11427111 -0.06963764 -0.0174299 0.0468909 0
-0.02871551 -0.05507933 -0.00734732 -0.06669853 -0.07328047 -0.00960217 0.05604447 -0.02996748 0.02137683 0.04282615 0.04096886 -0.06619379 0.07411165 0.04048774 0.06621694 -0.02506896 -0.02381261 0.02523168 0
-0.03553279 -0.06800572 -0.04533547 -0.10532242 -0.15137453 0.08587617 0.1286194 -0.1372699 -0.03412341 0.20486259 0.05585623 -0.06910751 0.14262395 -0.04649009 0.10055321 0.02794747 0.15986677 -0.10524923 0
0.15429825 0.16442572 -0.0223556 0.01106093 0.01612471 -0.02183108 -0.15118807 -0.05994407 -0.15693873 0.07308456 -0.13585594 0.11110644 0.01098158 -0.05833556 -0.02923525 0.07734047 -0.04709078 0.03028475 0
-0.06870114 -0.07391807 0.00837941 -0.09313099 -0.168085 -0.06718978 0.04511934 -0.05628766 0.07533341 0.0869171 0.01973753 -0.02735276 0.12191132 0.01299846 0.12978318 -0.0322579 0.02545843 0.01803899 0
0.05414395 -0.04118356 0.04963689 -0.0157767 -0.13861081 -0.10776765 0.05943105 -0.1122048 -0.01680992 0.01041954 0.03053001 -0.0700431 0.07658649 0.01473875 0.13860447 -0.07024862 0.08758569 -0.08583496 0
-0.06206008 -0.02748715 -0.0456485 -0.0926164 -0.09716356 0.03152821 0.07762251 0.02822037 -0.00509242 -0.02123357 0.09335415 -0.07747975 0.07845392 0.00234619 0.13105422 -0.05024009 -0.06000586 0.08820971 0
0.01340766 -0.05231086 -0.02162705 -0.16727279 -0.1592872 -0.10023423 0.03818501 0.01988505 0.01008832 -0.07189317 0.05026747 -0.01645389 0.1580962 0.01350262 0.16877145 0.01731501 0.12184936 -0.1143978 0
-0.04103338 -0.04303437 -0.10141049 0.03472247 -0.12319676 0.12830022 0.117803 0.03974373 -0.00997368 -0.03568139 0.09668385 -0.10070909 0.11337787 -0.00927462 0.02652947 0.01643927 -0.08847361 0.02667612 0
-0.12085949 -0.09394757 -0.07707357 -0.09148746 -0.06864723 -0.10188121 0.1092732 0.01053537 0.12225651 -0.03602941 0.21745762 -0.19894995 0.03439286 0.10830379 0.11121377 -0.07660273 0.06708212 -0.01235429 0
-0.47426839 -0.2711978 -0.02588039 -0.15610727 -0.11946857 0.10061795 0.24729556 0.08630514 0.40140771 0.00994816 0.27859233 -0.14768986 0.20875181 -0.07657152 0.02767281 0.1359378 -0.03918 0.02566665 0
0.22768856 0.0171714 0.01054655 -0.05853942 -0.23835346 0.04025138 0.02853222 -0.17807933 -0.20115342 0.14656407 -0.03453826 -0.05539571 0.26691988 -0.10581608 0.09680157 0.07306433 -0.01342098 -0.08362367 0
-0.02682844 -0.00343122 0.06305649 -0.14429086 -0.10200977 -0.03681367 -0.00931937 -0.01053617 0.0506136 -0.01606175 0.10486065 -0.05789882 0.07981488 0.08999983 0.13303841 -0.0695109 -0.00108409 0.04097772 0
-0.00326874 0.0297144 -0.03675659 -0.05874047 -0.17235874 -0.03055872 0.04773095 0.08835392 -0.04135884 -0.09567076 -0.00542386 -0.01743158 0.18895411 0.05390737 0.09516685 -0.07355004 -0.04285114 -0.03696647 0
-0.10580744 -0.01294901 -0.03969219 -0.01536395 -0.10980762 0.11631584 0.04786457 -0.04467559 0.05558474 0.03901938 -0.01813054 0.04446928 0.08969631 -0.13416307 0.06302314 0.10935162 0.09524019 -0.12408038 0
-0.15421852 -0.10904421 -0.18034383 -0.28847327 -0.19944707 -0.14043465 0.00389438 0.07172436 0.22675408 -0.06847244 0.00957709 0.09587147 0.23051541 0.23709204 0.22561683 -0.20586184 0.03691029 0.0466403 0
0.02405371 0.06524525 -0.11404227 -0.24512972 -0.14272 0.07570664 -0.04952762 0.07378367 -0.02799032 0.02298148 0.0271728 -0.01648746 0.17701214 0.10573094 0.2534676 -0.08761792 -0.00394425 0.01190933 0
-0.14773212 -0.10982123 -0.10857622 -0.05954166 -0.03702395 -0.00495103 0.04197918 0.1062321 0.21595589 -0.11463362 0.03503155 0.01872326 0.01765645 -0.05497964 0.07040132 0.07041908 0.0634064 -0.0577987 0
-0.00470561 0.01995217 -0.02316541 0.12388359 -0.02786727 0.10899112 0.02379644 0.06895272 -0.04687243 0.00075262 0.01896312 -0.05033585 -0.00108232 -0.12158252 0.02070022 -0.04414505 -0.26280558 0.16124598 0
-0.12603079 0.0304296 -0.11970534 -0.07555014 -0.06306336 0.04793948 0.03133391 -0.02807157 0.06628665 0.06004574 0.02307512 0.06543887 0.0968299 0.02279993 0.0606222 -0.0332403 -0.15818739 0.10051668 0
-0.10387024 -0.11627091 -0.07646442 -0.03781148 -0.12196027 -0.04851314 0.08547753 0.21714071 0.12601972 -0.14899916 0.10612779 -0.03090334 0.11300426 0.11573991 0.06671481 -0.16040339 0.01297364 -0.05017613 0
-0.30830653 -0.23378556 -0.07647209 0.20941976 0.08817365 0.04629341 0.32303026 0.04920842 0.28503352 -0.08206806 0.20414932 -0.16575971 -0.08442258 -0.17963693 -0.09967428 0.05742265 -0.11911106 0.01882705 0
0.02072773 -0.01604492 0.02449735 0.09270229 0.08515534 0.07838867 -0.0634529 -0.06038403 0.10704347 0.01317264 -0.16685654 0.13229992 -0.12657409 -0.15570388 -0.03704249 0.10160142 0.07382075 -0.05347231 0
0.14514286 0.03253992 -0.08717876 -0.2921336 -0.25383335 -0.09028325 -0.12388381 -0.02023307 -0.02692966 0.03121187 0.01189939 -0.00522751 0.18971919 0.23125311 0.27719104 -0.1579166 -0.01511784 0.08520969 0
-0.04588612 -0.02153676 -0.03500289 -0.09674143 -0.05491346 -0.04626695 0.02785181 -0.03395435 0.06420339 0.02514401 0.05571134 -0.04011319 0.083544 0.04390511 0.06608436 0.00416422 0.02656286 -0.01229418 0
0.01241189 0.02403503 0.01168845 -0.10646192 -0.10280583 0.06553545 -0.02990781 -0.04284052 -0.00401493 0.0480352 0.00772537 0.02395402 0.10205908 -0.05458899 0.12138417 0.00098704 0.03069275 -0.03096782 0
0.08573911 0.00745449 0.02343861 -0.0765828 -0.04776697 -0.04086592 -0.01934237 -0.01911626 -0.01054886 -0.0204117 -0.06588909 0.05868622 0.05362828 0.02677721 0.13980499 -0.05854609 -0.16976142 0.11449695 0
0.09120337 0.0272962 0.00638665 -0.07524576 -0.08031651 0.00186242 -0.06449264 -0.04536624 -0.05869755 0.00931566 -0.03237324 0.02231706 0.09715642 0.01464777 0.08316685 -0.00228873 -0.00195725 -0.04757012 0
-0.05341526 -0.14551232 0.04055 -0.18080115 0.04537258 -0.07570285 0.04724277 -0.01636593 0.06837295 -0.0143449 -0.01460088 0.0734063 0.0563504 0.12377297 0.00352061 -0.07423639 -0.01535648 0.09672628 0
0.08187795 0.05224049 -0.06656925 -0.01821691 -0.01984207 -0.04570131 -0.037461 -0.1209761 -0.02458408 0.05016719 0.09464631 -0.06628393 0.06072055 0.06890496 0.01024848 0.01111054 0.01667388 0.00370779 0
-0.18943984 -0.19990804 0.06451885 0.03002107 0.08026611 -0.01095477 0.20133523 0.11184908 0.18203628 -0.17616573 0.08468222 -0.03219506 -0.06411312 0.03254471 -0.09738364 -0.04281083 -0.03264567 0.04269064 0
0.12545114 0.14781279 -0.03081358 -0.07054942 0.05921028 -0.13141629 -0.13076981 -0.117818 -0.17745433 0.15834153 -0.09126748 0.07472718 0.04253697 0.10089732 -0.08071143 -0.09929785 0.07596852 0.02396637 0
0.01022713 -0.05995353 -0.04128554 -0.03939988 -0.14208772 -0.08392608 0.0495665 -0.09326836 0.01682681 0.09873795 0.09936664 -0.04423034 0.1138536 -0.05153536 0.04437882 0.10032171 0.01452396 -0.00072744 0
-0.15556767 -0.05832899 0.06213455 -0.18886129 -0.13101933 0.03021944 0.10612978 -0.15661129 0.10165106 0.09696861 -0.0446844 0.05217073 0.12577488 0.18348376 0.230125 -0.22385758 -0.18461583 0.15910537 0
-0.06174847 -0.0622541 -0.03354708 -0.0635335 -0.06980413 0.06246815 0.07464019 0.02367493 0.05145684 -0.01584234 0.02591545 -0.00708314 0.06846341 0.02623917 0.05233986 -0.0457108 -0.03808895 0.03581102 0
0.14963966 0.01483744 0.07997119 0.09566762 0.03109819 -0.0633609 -0.01555436 -0.1043574 -0.09784588 0.08019932 -0.11853918 0.07592027 -0.08387721 0.04706391 -0.05218386 -0.00034588 -0.05617234 0.08685647 0
-0.04076918 -0.07277276 -0.03856248 -0.07396111 -0.09304713 -0.04087332 0.09026168 -0.06659836 -0.00035689 0.1064445 0.05335173 -0.05899631 0.02390878 0.07397196 0.11747684 -0.03111145 0.0004558 -0.01486319 0
0.02952645 0.00922344 -0.05126316 -0.20439287 -0.1401007 0.01383959 0.02398813 -0.02699298 -0.03852762 0.03564701 -0.00961743 0.02497433 0.19074648 0.03005938 0.15485678 0.00565468 0.08487855 -0.07672674 0
-0.04071092 -0.07731333 -0.02946407 -0.1184694 -0.10579238 0.07117763 0.10977848 -0.11217507 0.01727024 0.11567671 0.09200164 -0.12027476 0.09531759 -0.00359768 0.10016107 -0.00231345 -0.01127911 0.04667661 0
0.09936518 0.0374704 -0.00688798 -0.19159305 -0.14063396 -0.0086187 -0.01150953 -0.03023208 -0.09120995 -0.06429255 0.01433575 0.00879225 0.10410714 0.07369635 0.18208582 -0.05309675 0.04138797 -0.01454905 0
-0.08244512 -0.05528819 -0.04321454 -0.05272397 -0.08720523 0.09520733 0.05474545 0.07238534 0.04315663 -0.00133236 0.02207867 0.00187901 0.12057035 0.03687051 0.01062296 -0.07483687 -0.02163722 0.01078833 0
-0.11074293 -0.08828908 -0.14288779 -0.09363982 -0.03692341 -0.09003896 0.13449738 0.10931292 0.09922991 -0.09169229 0.17635033 -0.10113957 0.02746948 0.0775885 0.09409952 -0.0635055 0.06312225 -0.02810754 0
-0.09725144 -0.0135262 -0.000626 -0.19475022 -0.14308067 -0.05208937 0.03563664 -0.0391367 0.06477496 0.06656678 0.01655517 0.03795629 0.15492909 0.07902212 0.1466434 -0.05407476 0.05636488 -0.03848174 0
0.10054978 0.04344609 -0.11741986 0.10239734 -0.00239843 -0.03298413 -0.09205813 -0.10922514 -0.067583 0.16851115 -0.0294977 0.11237159 -0.00823148 -0.03339279 -0.0502334 -0.01302469 0.02134871 -0.12710805 0
-0.20323697 0.05365816 0.04034734 0.33207962 0.11580861 -0.09126658 0.11925399 -0.08527217 -0.02300395 0.11570443 0.16671998 -0.15981241 -0.17264039 -0.14615224 -0.28674333 0.2063899 0.10749758 -0.05558895 0
0.0460018 -0.00368923 -0.08837703 0.09632798 0.09770757 0.12709709 -0.08796382 0.06466876 -0.08453234 0.01674035 0.04886413 0.08051606 -0.09551159 -0.18144273 -0.00821665 0.0906129 -0.20337708 0.11497268 0
0.00174831 -0.06460272 -0.07507723 -0.13552543 -0.08317557 0.02080113 0.01756389 -0.04642301 0.031513 0.02002669 -0.03691891 0.17195938 0.12730722 -0.02778706 0.08647494 0.06532448 0.11508854 -0.15029419 0
-0.0151366 0.00199405 0.00321471 -0.09282525 -0.08417586 0.00768333 0.03205272 -0.01513481 -0.01677018 0.03179248 -0.01557721 0.01676154 0.11158917 -0.03416852 0.08189411 0.0186791 -0.0046194 0.00706851 0
0.15243577 0.21878668 -0.07344401 -0.07700892 -0.09745926 0.06512758 -0.21761107 -0.01802811 -0.19761899 0.03208663 0.07435187 -0.04935984 0.12328954 0.02164681 0.01198227 0.01420316 -0.00565126 -0.01023018 0
0.00123196 -0.10305602 0.0724556 0.01848399 -0.01741011 0.04336877 0.0254835 -0.14392088 0.07516511 0.14597011 -0.11911783 0.04491683 -0.00379213 -0.03149143 0.01079203 -0.03270981 -0.08770972 0.10142761 0
0.03806218 0.01260995 -0.0365925 -0.0974029 -0.05163306 0.00076359 -0.01249215 -0.03838513 -0.08457323 0.09085635 0.00751041 0.02949012 0.07942666 0.00464748 0.07584835 0.0020077 -0.06686112 0.00844203 0
0.1298567 0.0028321 0.03729132 0.01760267 0.0007901 0.05551803 -0.05097772 -0.15384982 -0.03223661 0.06176395 -0.11679556 0.09296502 -0.01127743 -0.01735791 0.01566249 -0.01698324 0.04267003 -0.00167027 0
-0.13539821 -0.09548713 0.01053845 -0.07020765 -0.1240427 -0.02443816 0.11005841 0.01309007 0.11361223 -0.01247198 -0.02161567 -0.02487961 0.13053563 0.03852406 0.05777693 -0.03796089 0.022771 -0.04511775 0
-0.14795348 -0.15243791 -0.04644008 0.02373333 0.10693795 -0.00757 0.17436034 0.04964036 0.14601262 -0.01420473 0.10959778 -0.16086117 -0.15160106 -0.01821214 -0.10782353 0.12037624 0.08655466 0.02322438 0
-0.00544864 -0.05921374 0.01686671 -0.13338493 -0.0197389 -0.18023401 0.02659884 -0.09536436 0.04100127 0.11463664 0.00297547 -0.02140303 0.07685877 0.1592479 0.08035668 -0.09915436 0.19813575 -0.17102018 0
-0.36927286 -0.12147684 -0.08476262 -0.06141441 -0.1022363 0.05056257 0.21430457 0.28693282 0.25958696 -0.21592259 0.11034944 -0.13557782 0.05759079 -0.05223486 0.10433296 0.01157717 -0.0523149 0.02869603 0
-0.02170276 -0.04484546 -0.00232783 -0.0743335 -0.14333846 0.02309572 0.08132905 -0.01879354 -0.02027561 0.01738231 -0.07332048 0.07742664 0.12843401 -0.07141723 0.12517659 0.03753536 -0.003852 -0.00646404 0
-0.0972015 -0.04071549 -0.05057071 -0.11752845 -0.18512418 0.01999161 0.04235284 0.04697511 0.09287556 0.02619678 -0.02907964 0.04705255 0.14331938 -0.05849713 0.14905343 0.06324921 0.02673242 -0.03090753 0
-0.11466375 -0.10616926 -0.02742636 -0.13922794 -0.1201075 0.00835895 0.08619451 -0.04544743 0.12898649 0.06435282 -0.02152259 0.03960577 0.12463278 0.00675348 0.13264317 -0.03686271 0.02469332 -0.03840956 0
0.03017547 -0.06213915 -0.02607469 -0.06652394 -0.07784185 -0.01228606 0.04162043 -0.09792377 -0.00278226 0.11064232 0.00763136 -0.01761091 0.07569104 0.06932068 0.09088951 -0.08826303 0.00639912 -0.04078884 0
-0.12945354 -0.16813976 -0.11015133 0.01916209 0.01952943 -0.01530506 0.21768377 0.03642649 0.10634052 -0.03956806 0.01306595 -0.02331718 -0.04001831 0.05731155 0.02009739 -0.03574868 -0.00076917 0.03528443 0
-0.03636091 -0.02785648 -0.04685252 -0.0152054 -0.15504692 0.15664445 -0.00346819 0.01042143 0.07792752 -0.05598342 0.00065986 0.0586453 0.08307276 -0.03356657 0.08803797 0.00316356 -0.14720428 0.12820431 0
0.06908255 0.03497939 -0.09638663 -0.07696695 0.00336966 0.06589852 -0.13354872 0.08334772 0.09265533 -0.06076118 0.00530303 0.03222382 0.0376018 -0.06744354 0.08759281 0.07641542 -0.09147576 0.06039631 0
-0.20668598 -0.15129301 -0.07367792 -0.12886174 -0.13007885 -0.18146655 0.15205771 0.30336981 0.21513771 -0.26369098 -0.00484587 0.05968255 0.07362285 0.16293574 0.17496445 -0.11359501 -8.85e-05 -0.04576672 0
0.04838361 -0.01727207 -0.03010169 -0.11228684 -0.27783332 0.08542735 -0.03490747 0.01473264 -0.01242053 -0.03554647 0.05701824 -0.04533451 0.20971556 -0.04081517 0.21039585 -0.00080528 -0.01715735 -0.0100596 0
-0.11850784 -0.08571457 0.10047269 0.02157928 -0.00114829 0.10385037 0.05318887 -0.03157104 0.13332741 0.02708667 0.01644397 -0.00414989 0.02704926 -0.05461797 -0.03140802 0.04383553 -0.0408437 0.00347268 0
0.04751497 0.02355973 0.00595948 -0.14962009 -0.10808681 0.11449487 -0.03309496 -0.10870598 -0.03540619 0.0228293 -0.06561762 0.05338424 0.11121216 0.01584921 0.13634336 -0.0765793 -0.02360197 -0.03984181 0
-0.23816404 -0.23064504 0.04501911 -0.12477775 -0.12665044 -0.0089 0.26459402 0.17848547 0.17914771 -0.10145163 -0.17464606 0.15121951 0.15198586 -0.05726561 0.05972467 0.08564715 0.05892632 -0.11421494 0
0.02548474 0.06059098 0.01544941 -0.10594605 -0.0698521 0.02178162 -0.04010642 -0.01782352 -0.04493836 -0.01609756 -0.06724534 0.05100618 0.04540824 0.0537171 0.10531071 -0.04204714 0.01055711 0.01484196 0
-0.03941089 -0.0247977 0.03442072 0.00109 0.02836926 -0.01435105 0.00726124 0.0195233 0.04752558 -0.03581406 -0.0116588 0.03171799 -0.00556498 -0.0345302 -0.05683238 0.05820552 0.0039252 0.01530997 0
-0.0877507 -0.10379057 0.06656307 0.01838157 0.0207926 0.01447957 0.09025554 -0.12572915 0.08132106 0.07840811 0.00934514 -0.01506702 -0.02310665 -0.05152709 -0.01630079 0.02895016 -0.05881076 0.06078303 0
-0.16469925 -0.07263607 0.14416117 -0.13217861 -0.1163124 0.10558516 0.07267122 0.02857309 0.11641572 0.01062205 -0.07971454 0.0912847 0.1669206 0.04281052 0.05543793 -0.01678047 0.06718907 -0.08070354 0
0.10434302 0.02707663 -0.00287446 -0.19140991 -0.10863551 -0.03192023 -0.08941054 0.03797094 -0.01558898 -0.06587181 -0.22897731 0.18080385 0.10973948 0.11840179 0.16882668 -0.06961189 0.03693135 -0.05835892 0
0.02460775 -0.04818254 -0.06942674 -0.01659467 -0.05061823 -0.02352711 0.06784185 -0.06099334 -0.02806675 0.08973246 0.09445709 -0.06767556 -0.0064304 0.0503658 0.07984063 -0.05850846 -0.09151751 0.060955 0
0.05826668 0.01598897 -0.03592342 -0.18976724 -0.16995911 -0.05824592 -0.02189153 -0.03102248 -0.04361885 0.03843828 0.01302723 0.00479118 0.1538352 0.05423577 0.19706873 -0.04693219 0.11248654 -0.08885279 0
0.02954938 0.04188759 0.02178522 -0.05916038 0.00644914 0.0045497 -0.02455607 -0.00566168 -0.05459907 0.06415038 -0.14474087 0.10732017 0.01182164 -0.00694615 0.02890306 0.03521331 0.03004213 -0.00734581 0
-0.02169164 -0.05145935 0.00460459 -0.00683687 -0.15425107 0.06901168 0.06971147 0.02898411 0.0483521 -0.04956884 -0.02297061 0.0316784 0.09627328 -0.11218312 0.08410838 0.05782295 -0.06103849 -0.0019507 0
-0.0609598 -0.04083348 0.03757505 0.0660763 -0.01559232 -0.04665664 0.00968359 0.00087074 0.10197894 -0.00980761 0.00095674 -0.01914513 0.00152707 -0.05850547 -0.0659698 0.13692306 -0.00462507 -0.00379949 0
-0.19797333 -0.03983081 0.0631015 -0.20726079 -0.09655402 -0.17684587 0.12567836 -0.09403547 0.06671723 0.032152 0.18048791 -0.18479457 0.19338984 0.24767262 0.06820888 -0.04582034 0.07545989 0.00988506 0
0.04676864 -0.02430037 0.04392903 -0.07607363 -0.13024155 -0.04389319 0.02966967 -0.05656618 -0.01714895 0.00346794 -0.02450923 0.00657681 0.07671175 0.02198478 0.10551326 0.05271774 -0.00629355 -0.01657228 0
0.06508712 -0.01057732 -0.06560857 -0.05416911 -0.1179373 -0.1086653 0.02534714 0.00857456 -0.04044331 -0.00414815 0.0058319 0.00471966 0.01025836 0.03939826 0.18018065 -0.03668429 0.10958199 -0.04879373 0
-0.03621921 0.14805121 0.06420378 0.05511007 0.11591143 0.08697158 -0.08807019 0.06300121 -0.07126668 -0.08670714 0.10467092 -0.0573883 -0.07517702 0.13514865 -0.05332026 -0.07904717 -0.17744909 0.03203238 0
0.13778459 -0.04810405 0.08042051 0.04915641 0.07828062 -0.05168025 0.05785372 -0.02491701 -0.08962021 0.03746289 -0.10282126 0.07232681 -0.13182246 -0.02541384 0.03542505 -0.09178123 0.02803326 -0.00024497 0
0.11597807 0.03973445 -0.03135436 -0.11977466 -0.06094438 -0.02187268 -0.03839535 -0.12446213 -0.09966874 0.09498763 0.01337124 0.01883414 0.100024 -0.08537379 0.07822563 0.05692559 -0.03598862 0.04349516 0
-0.02697223 0.00752239 0.08203903 0.1343 0.05806326 0.02449003 0.05140586 -0.03727473 -0.02477579 0.01023291 0.06641508 -0.07166924 -0.10148039 -0.03388075 -0.08597502 0.01662804 -0.07980715 0.07581325 0
0.18993821 0.1725825 0.09178764 0.1089369 0.01890128 0.04619447 -0.25675862 -0.1662398 -0.07562301 0.09837776 -0.09805663 0.0306323 0.04758369 -0.15986882 -0.11131263 0.09520336 -0.08787318 -0.00439818 0
-0.2091103 -0.22030224 0.20613508 -0.1501831 -0.13196177 0.04942126 0.28385142 -0.03618599 0.15655077 0.04726241 -0.05320158 -0.06098796 0.15612633 -0.09931638 0.15009546 0.12071875 -0.17045279 0.07980803 0
-0.13732574 -0.16572887 -0.04542279 0.1694951 0.11580369 0.04236508 0.13133336 -0.0389962 0.16272467 0.04383858 0.13422535 -0.10746125 -0.11333399 -0.0770393 -0.17523321 0.04217987 -0.12996937 0.06999383 0
-0.09808613 -0.05087936 -0.01886131 -0.01981284 -0.09065581 0.0401741 0.11841194 -0.0152253 0.03168438 0.01376769 0.06649862 -0.05622734 0.05011761 -0.07299443 0.04867208 0.07000054 0.04442353 -0.01020185 0
0.00750877 0.00020321 0.00230406 -0.05777386 -0.05769464 -0.05421267 0.01427774 -0.02783789 -0.0205476 0.02972871 -0.01355661 -0.00879761 0.07466957 -0.0177068 0.05331046 0.04841813 0.04843008 -0.03789508 0
-0.03604631 0.00707332 0.06152002 -0.04304847 -0.04027202 -0.03640654 0.01616449 -0.09379474 0.02043151 0.05648361 0.02660738 -0.04236728 0.00890211 0.02293576 0.08403968 0.00044186 -0.06266842 0.08074971 0
-0.05494249 0.08634522 -0.05315363 -0.14853687 -0.04626794 0.02304787 -0.06672462 0.00218065 0.05946833 0.02444952 0.01654136 -0.01650044 0.14009476 -0.01405452 0.02522414 0.02064315 0.00933457 -0.0367605 0
-0.07286303 -0.07439366 -0.05165114 -0.3171853 -0.34524604 0.02533305 0.06593625 0.09829357 0.10662487 -0.12928436 -0.03244043 -0.00148014 0.28274587 0.04536681 0.35609874 -0.10275109 0.0562627 -0.06548651 0
-0.03570547 -0.00429745 0.0493233 -0.08482014 -0.06923989 0.0010552 0.01799419 -0.03535285 -0.01398152 0.01368303 -0.03324436 0.05873853 0.0700508 -0.00214975 0.08374346 0.01824646 -0.07278048 0.06427103 0
0.06718626 0.09835666 0.05056252 0.03647261 0.03117033 -0.02111127 -0.04478512 -0.06273073 -0.13281612 0.06194998 -0.04428468 0.02257041 -0.04051173 -0.0193544 -0.04166911 0.026885 -0.03596112 0.03141423 0
0.02010613 0.03618097 -0.04949151 -0.04677801 -0.06582197 0.02441036 0.04729891 0.02093415 -0.06551775 0.00319399 0.0598057 -0.05879898 0.05537285 0.00801726 0.05749743 -0.04706438 0.02702524 -0.06802858 0
0.04763661 -0.00708078 -0.02384046 -0.02152188 -0.07821543 -0.03259647 -0.04837085 -0.06993396 0.02797342 0.04665426 -0.07391762 0.02854317 0.02841887 -0.02433282 0.04470761 0.09004483 -0.03115937 0.07254989 0
0.21605484 0.02235273 0.13312699 0.02968513 -0.0548407 -0.00611585 -0.07901501 -0.16335939 -0.05579773 0.03764183 -0.08494471 0.06805259 0.06918581 0.0281926 0.02061733 -0.07976082 0.12958325 -0.11601524 0
0.01876249 0.08064261 -0.00055155 -0.15701242 -0.08234533 -0.04423582 -0.06792902 -0.03939274 -0.0449237 0.0368302 0.02199986 0.01783237 0.14359492 0.00573098 0.10663818 0.03001093 0.02541633 -0.00802106 0
-0.07092749 -0.07592619 0.0601623 -0.05668141 -0.06510566 -0.01098392 0.08713951 -0.0264368 -0.00826511 0.11287905 -0.00319094 -0.04108789 -0.00357299 -0.02007821 0.13065166 0.00919604 0.08362648 -0.04346312 0
-0.03294291 -0.02254858 0.12873415 0.03213346 -0.0538125 0.00572179 0.03017435 -0.06183885 0.0243567 0.05913422 -0.01305662 0.01459161 0.03734388 -0.04182781 0.01602606 0.01980625 -0.07191092 0.06888991 0
0.01021334 0.00764389 -0.04889061 -0.07098436 -0.08980205 -0.0048127 0.00294791 0.02002894 -0.00776621 0.01038223 0.01514662 0.00193587 0.08325799 0.01499401 0.07525528 -0.01979098 7.017e-05 -0.02692286 0
-0.03759284 0.00394232 -0.00083786 -0.05853997 -0.03162144 -0.05643058 0.00231438 -0.01308906 0.02221811 0.06446866 0.03851586 -0.03982967 0.02051411 -0.02982503 0.0480896 0.03095948 0.05969211 -0.03281592 0
-0.03220078 0.10913352 -0.07125277 0.0228198 0.14055391 -0.04233414 0.0308992 0.12052359 -0.11917136 0.00438113 0.03718564 -0.02378978 -0.04835202 -0.03775247 -0.07328129 0.04256297 0.07997331 -0.02062463 0
-0.10176393 -0.09931989 0.01485205 -0.04319408 -0.06054227 0.00713508 0.10365339 -0.02646934 0.05507803 0.07649444 0.08819351 -0.09563239 -0.01243682 0.01558472 0.13414513 -0.07172986 -0.00338759 0.00613383 0
-0.03448139 -0.04648272 -0.07002885 -0.01831165 -0.01203615 -0.0304008 0.03590646 -0.04504564 0.01760853 0.06776041 0.07596405 -0.02717726 0.01386577 -0.06403596 0.00451343 0.02697707 0.00254697 0.00262587 0
-0.12060943 -0.10737255 -0.04812941 -0.18449104 -0.17135847 -0.07533683 0.14740012 -0.03886431 0.09713842 0.07709466 0.02950438 0.01856155 0.06944194 0.03376024 0.20502775 -0.04878746 0.03097819 0.03811868 0
-0.08069451 -0.06386921 0.04383674 -0.17458247 -0.18470528 0.02396278 0.08111598 -0.03908749 0.07100548 0.08268803 0.09348562 0.03663424 0.14941839 -0.03999558 0.23533932 0.10934068 -0.05264366 0.07376241 0
-0.12055288 -0.07918191 -0.03696621 -0.054557 -0.08519909 0.03465851 0.06509855 0.02691192 0.10773255 -0.03596026 0.03721049 0.01870097 0.07398633 0.02856465 0.06810725 -0.08460642 0.0042214 -0.04393181 0
-0.06095958 -0.01476572 -0.06491708 -0.06454096 -0.11080913 0.00096238 0.03423333 0.02018112 0.01887124 0.0482394 0.06679256 -0.02502304 0.09615455 0.04573465 0.09382903 -0.05588132 0.0155678 -0.05335644 0
-0.19380799 -0.07533514 0.00282081 -0.16128058 -0.05244024 -0.04201214 0.01462294 -0.04684041 0.1982234 0.03432359 0.03061651 -0.01409645 0.13714032 0.15846667 0.04133429 -0.12690966 0.00521953 -0.0454049 0
0.04823507 -0.05000908 -0.01243215 0.11135323 0.01413267 0.03002483 0.03896576 -0.00938766 0.00342151 -0.01507682 -0.0002014 -0.02965529 -0.02904462 -0.06790143 -0.05990112 0.03364014 -0.07256549 0.06330108 0
-0.115843 -0.13424858 -0.00312523 -0.12586611 -0.11859155 -0.03735067 0.21797773 0.01653747 0.05519771 -0.05130653 -0.00845409 -0.00749608 0.1286402 0.01562823 0.11128406 -0.00850886 0.02293056 0.01247676 0
0.02255573 -0.06617188 0.06099729 0.06373983 -0.02625137 0.0116925 0.03060594 -0.06608031 0.00590817 0.09026118 -0.03346199 0.02065249 -0.00623123 -0.13237468 0.00605802 0.06859029 0.01499317 0.01012011 0
0.13718642 0.0712017 0.01554267 -0.05500253 -0.0914189 -0.06779522 -0.13290484 -0.18314699 -0.07518803 0.11760312 -0.07246382 0.11858188 0.14034298 -0.02563638 0.06907497 -0.00332696 0.00694736 -0.01258236 0
0.01034772 -0.05014414 0.00065639 0.06765811 0.05271021 -0.05357911 0.0036062 0.06165108 0.04437736 -0.1015196 0.07052694 -0.05742736 -0.06201389 0.04440561 -0.08640831 -0.05610996 0.04944393 0.09753352 0
0.02302351 0.02473527 -0.00702922 -0.02827799 -0.09562088 0.03948028 -0.00342777 -0.06418346 -0.04173314 0.00168148 0.05157026 -0.0350739 0.10056171 -0.09473256 -0.03844966 0.13531179 0.01598583 0.02448371 0
-0.0481874 -0.01033426 -0.03346384 -0.10034157 -0.02240667 -0.012422 0.05294223 0.01964944 -0.00037682 0.01403594 0.05535108 -0.06388946 0.04415948 0.03516419 0.07637003 0.00061728 -0.01787002 0.04489993 0
-0.03799346 -0.04374806 -0.00577951 -0.00560681 -0.06883537 0.02375685 0.03801504 0.06702018 0.02813893 -0.02766698 -0.00474199 0.01094943 0.03179151 -0.02995341 0.0501163 0.02764661 -0.02641932 0.02758241 0
0.02982127 -0.00667687 0.04147414 -0.02112045 -0.02237092 -0.01831575 0.01894606 -0.03674693 -0.0110805 -0.00845196 0.04356513 -0.01864865 0.04612708 0.00567302 -0.00980873 0.03165247 0.16085984 -0.13360745 0
0.27765862 0.04073594 0.09078927 -0.23781342 -0.04986093 -0.16555855 -0.19137016 -0.22613514 -0.0567497 0.13930441 -0.19793789 0.15372666 0.16837377 -0.07844395 0.14547409 -0.01010895 0.50179739 -0.39228931 0
0.09283923 0.06222336 -0.00765004 -0.3138892 -0.06211674 -0.1879599 -0.1432003 -0.04439461 -0.01983493 0.05674611 -0.10030691 0.12587532 0.17404569 0.19935195 0.13095974 -0.10974584 0.28301053 -0.12348393 0
-0.01881131 -0.0166411 -0.00905234 -0.05607954 -0.09296602 0.00228467 0.02772545 -0.09001169 0.00210943 0.10578895 0.03699864 -0.01165006 0.07004013 -0.01451774 0.10751238 -0.0053283 -0.02128525 -0.01137438 0
0.05251148 0.02425898 0.08589834 -0.00410153 -0.06778798 -0.07144159 -0.02611965 -0.07121196 -0.09940696 0.08759957 -0.03479311 0.04528086 0.07720202 -0.01505414 -0.00014233 0.03004193 -0.09418411 0.12326973 0
-0.0308741 0.00310035 -0.04787502 0.05440327 -0.01062563 0.00014075 -0.00133781 0.05897281 0.0070716 -0.00886862 0.04963934 -0.05423111 -0.03387568 0.01934638 -0.01526474 -0.02075667 0.01590253 0.0093259 0
0.06831175 0.04413314 -0.00950161 -0.15222879 0.01101602 -0.109014 -0.09248579 -0.06329887 -0.03312612 0.08738705 0.03693334 0.06354145 0.05940023 0.21089357 0.02077737 -0.04209007 0.0258982 0.081411 0
0.23282444 0.01673404 0.08974462 -0.11490116 -0.06138987 -0.04777984 -0.16968768 -0.24793156 -0.03068525 0.09152466 -0.28572817 0.22007479 -0.01065712 0.09626799 0.16746472 -0.11508714 -0.07672339 0.12289636 0
-0.04513376 -0.06299527 -0.03689125 -0.08671145 -0.09214971 -0.00507761 0.05221508 0.00916679 0.05745512 0.01111471 0.01961798 0.02235265 0.09000773 0.01516655 0.07573505 -0.00026502 -0.05279578 0.03503078 0
-0.13980825 0.0323275 -0.20689016 -0.14540694 -0.12571019 -0.04086422 0.01297491 0.17869815 0.05799236 -0.12548826 0.32906732 -0.22616463 0.18855104 -0.07597771 0.1566583 0.07467263 0.11137347 -0.10302602 0
-0.07868086 -0.02953935 -0.02050579 0.0124319 -0.06180321 0.01202959 0.01955107 0.01446764 0.06907375 -0.01434241 0.04819978 -0.00395591 0.03395345 0.09228329 0.04150261 -0.11136393 -0.05302045 0.01365176 0
0.03078711 0.1935201 -0.08871308 0.07233877 0.16445795 -0.03911561 -0.08917158 0.03939421 -0.07526682 -0.00536856 0.01165672 -0.03013401 -0.03181011 -0.07522372 -0.12293305 0.03783956 -0.03469099 0.03310161 0
-0.01677242 -0.01081577 0.01482471 -0.11964591 -0.07997705 0.0163912 0.02003387 -0.08005346 -0.01623562 0.12366691 0.01879692 0.00446335 0.08306888 -0.03338539 0.12051221 0.03701045 -0.00378771 0.03749491 0
-0.0754955 -0.00900546 0.04619207 -0.18648595 -0.20354149 0.01184042 -0.00597386 -0.01196614 0.09736088 0.0196558 0.00254718 -0.00602865 0.16980171 0.0917688 0.22998049 -0.04797696 -0.00635014 -0.01355215 0
-0.07092462 -0.07233307 -0.01362809 -0.1066071 -0.13045017 -0.02523013 0.05705981 0.00798336 0.092801 -0.00481383 -0.1037329 0.11367346 0.09422387 0.05109544 0.10329552 0.02824348 -0.01460185 0.0495496 0
-0.0179548 0.07724364 -0.01606429 -0.0475041 -0.06936582 0.06225687 -0.00799279 0.03890948 -0.04802745 -0.04856707 0.0410699 -0.03542789 0.06652114 -0.02106194 0.07866394 -0.02861549 -0.11156976 0.04400292 0
-0.12205838 -0.01310805 0.08210745 -0.00553131 0.02327994 0.0226563 0.14343462 -0.05229697 0.01915969 0.03569213 -0.00040831 -0.02240949 -0.05266338 -0.02673669 0.05324055 0.01562116 -0.02416748 0.07328739 0
-0.02782908 -0.08084995 0.01601909 -0.03503907 -0.03331062 0.01157832 0.05601267 -0.10187489 0.05111397 0.10068703 0.05418199 -0.03858867 0.04990307 -0.05749555 0.012365 0.03713776 0.02046739 -0.05244172 0
-0.06740175 0.01626544 0.04853348 0.08777224 -0.06755331 0.10099453 0.03268132 -0.02106057 0.02301066 0.00917216 0.05201035 -0.05950309 -0.05286789 -0.09529302 0.03771872 0.08451577 -0.05138492 0.03038306 0
0.00428142 0.0136574 -0.00073304 -0.07537833 -0.05216158 0.00841419 -0.00314654 -0.00740623 -0.03242954 0.01868595 -0.03093936 0.04909836 0.06231489 0.08629393 0.02972562 -0.04793181 0.03713728 -0.04975473 0
0.06546441 0.14003138 -0.01388018 -0.10879145 -0.08936423 -0.00243707 -0.09515385 0.0085929 -0.10876267 -0.00024295 0.00888092 0.00144636 0.12352057 0.01880476 0.08101003 -0.02511151 0.01550245 -0.04303506 0
-0.13430115 -0.06652516 -0.12219713 0.03790675 -0.02453252 -0.15319409 0.03262806 0.06848556 0.14864687 -0.07627909 0.08493036 0.00022032 0.02243562 -0.00011238 0.00725998 -0.00342444 0.0891683 -0.11951432 0
0.18777898 0.10914564 0.0387554 -0.01873143 -0.0738819 -0.02332268 -0.21083746 0.09368925 -0.13110762 -0.07307071 -0.02421987 0.02454068 0.03156644 -0.1485185 0.05209096 0.0862085 -0.00979892 0.07987231 0
-0.02048462 -0.02394467 -0.16987807 -0.11853505 -0.1019393 0.01515784 0.10431596 0.05407104 -0.0416752 -0.02974028 -0.15379977 0.20744519 0.11006232 -0.15831761 0.10308987 0.0761247 -0.03276651 -0.09244268 0
-0.1701543 -0.21182229 -0.07098899 -0.01090897 0.07380326 0.03150315 0.19283977 0.09882958 0.16991003 -0.09191471 0.06128149 -0.05959576 -0.02108318 -0.05709953 -0.00848447 -0.00115146 0.06554171 -0.00160522 0
-0.00878554 -0.05849819 -0.03691822 0.18577707 -0.02213782 -0.08599379 0.08720532 -0.0134964 0.02546487 0.01354654 0.0231486 -0.07752236 -0.00858649 -0.09962079 -0.14478813 0.08476878 0.07532421 -0.04159243 0
0.08962574 0.06539871 -0.00735353 -0.0325966 -0.04860153 0.01226392 -0.04818244 -0.0928698 -0.09427729 0.11300928 0.03014265 -0.07047994 0.01525487 -0.07306956 0.04880378 0.08205241 0.00864445 0.00240219 0
-0.08106717 0.05296357 -0.06186544 -0.1744226 -0.13241494 0.07730101 0.07802615 -0.03718348 0.00401479 0.01361978 0.01029629 0.01724986 0.19693162 -0.0261873 0.13303421 -0.05992364 0.06508694 -0.0914194 0
0.14833655 0.13623863 -0.05195523 -0.00905276 0.05175955 0.05838056 -0.13285282 -0.02143725 -0.12090535 -0.04166329 0.0782485 -0.04180054 0.06473095 -0.07425141 -0.03120918 -0.01889035 0.07535542 -0.08114667 0
-0.04444625 -0.04022502 -0.03411145 -0.04398997 -0.03089148 0.0045119 0.07890985 0.07153675 0.03863555 -0.05887476 -0.07782772 0.05612896 0.01482718 -0.04297132 0.05017858 0.06278636 -0.05774935 0.05099051 0
0.06030703 0.01798399 0.056968 0.00647215 0.03110706 0.04894009 -0.02808374 -0.09915356 -0.02614595 0.03858376 -0.06788624 0.02510235 -0.0041314 -0.04505659 -0.04559667 0.01525767 0.03602292 0.0024344 0
-0.07274324 -0.04720478 -0.06532376 -0.13748071 -0.09770344 -0.0221301 0.12942647 0.12701364 0.03223326 -0.09780853 0.08879232 -0.07351621 0.14822122 0.0439206 0.13194501 -0.00099424 0.02099721 -0.02775815 0
0.07505533 -0.0427721 0.05506844 -0.10674124 -0.02936665 0.05260009 -0.02466162 -0.06119917 -0.0240557 -2.69e-06 -0.01150491 -0.03371771 0.15111756 0.01523318 0.08949983 -0.03159141 -0.0466884 0.00295 0
0.36338115 0.26458115 0.0467048 0.04209229 0.02503581 0.06315579 -0.2614847 -0.09759386 -0.30685292 0.01118388 0.07227481 -0.07308578 -0.01020707 -0.09265507 -0.08920941 0.08911426 -0.05865824 0.00421875 0
0.09303844 0.07406618 0.06547358 -0.02843206 -0.09029251 0.01541463 -0.01353879 -0.00128078 -0.05275116 -0.06984933 -0.10724955 0.04184004 0.08114762 -0.18422765 0.09495343 0.05847023 -0.01894494 -0.04398115 0
0.26137817 0.226685 0.06951081 -0.14707213 -0.07922973 -0.11223343 -0.20329679 -0.23257974 -0.27084655 0.16763954 -0.01346595 0.02803718 0.01780438 0.215038 0.17646748 -0.18046769 -0.16148741 0.09750071 0
0.06827983 0.12395053 -0.03802595 0.01324407 -0.13811655 -0.00253555 -0.17836439 0.08543854 -0.05809559 -0.15284736 -0.10747542 0.18415958 -0.0151612 -0.00966928 0.16838559 -0.02743493 0.04881839 0.02233867 0
0.08515219 0.07652346 -0.07379125 -0.19314501 -0.38900184 0.01179194 -0.01822675 -0.14452884 -0.13936916 0.08074868 -0.01062743 0.08146007 0.30939352 0.10966409 0.3507202 -0.17566087 -0.10539278 0.12385752 0
-0.19693656 -0.08827238 -0.11573185 -0.16462551 -0.03062766 0.02650962 0.03124878 0.18978194 0.19593045 0.01801289 0.02463025 -0.00915686 0.20505707 -0.11614654 0.02176227 0.05647807 0.01260146 0.01792142 0
0.06263632 0.0161535 -0.01511386 0.01718423 -0.03995129 0.00553513 -0.00407769 -0.08663557 -0.08791863 0.10838951 -0.0945755 0.11630268 0.0320491 0.0125849 0.04795166 -0.06258612 0.02560962 -0.07464218 0
-0.13133787 -0.1598543 -0.01351919 -0.12534861 -0.26877255 0.00868598 0.14392763 0.06869209 0.16086857 -0.09147527 -0.04628309 0.03954402 0.15834562 -0.04680151 0.27926695 -0.00490952 0.06334289 -0.11622998 0
-0.07835298 -0.06408455 0.1093877 -0.1026963 0.03565268 -0.06955434 0.07230772 0.04006324 0.08462891 -0.00702284 -0.02041766 -0.0455747 -0.03913759 0.06611951 0.06375117 -0.03336018 0.05281389 -0.04565144 0
0.02814862 -0.00202079 0.05711278 -0.15740438 -0.12042079 -0.00591253 0.01245671 -0.05657263 -0.05025425 0.06473494 0.01037906 -0.03340511 0.17546626 -0.03415314 0.13849694 -0.03994983 0.04791653 -0.01500914 0
-0.05378944 -0.01137558 -0.03680905 -0.15449319 -0.1169474 -0.09509754 0.03458134 -0.03368671 0.00163616 0.0769473 -0.04079251 0.03645317 0.14107424 0.12501835 0.1424733 -0.08629879 0.03923863 -0.04198637 0
-0.02927675 -0.00812894 0.00805336 0.07508258 -0.09890418 0.01458414 0.01815048 -0.10001287 0.01606754 0.10468723 -0.10008678 0.07803653 0.03313713 -0.15427381 -0.02017601 0.14176155 -0.09791871 0.03716027 0
0.08931995 0.11803586 -0.09155739 0.07947072 -0.00727708 0.08622778 -0.12391973 -0.0246914 -0.07123103 0.0460366 -0.04563574 0.05650817 -0.04196322 -0.10138081 -0.0028338 0.04633321 -0.15984101 0.10609351 0
-0.0270022 -0.03802967 -0.04186104 -0.06952105 -0.07224326 -0.00862692 0.0386997 -0.02071822 0.0316311 0.04380426 0.00900191 -0.0079545 0.05590959 -0.03614764 0.10359412 0.01573569 -0.02552367 0.00533207 1
-0.07226119 -0.08722437 -0.02762922 -0.15173054 -0.14274061 -0.14436732 0.07076604 0.04055395 0.05671772 -0.00794191 -0.01344488 0.03108509 0.14548744 0.09929525 0.13353817 -0.03637192 0.10220275 -0.08528966 1
-0.01082493 -0.04579974 0.01930828 -0.09262237 -0.09962802 0.03150569 0.03871748 -0.06099643 0.04033269 0.03618751 0.01609312 -0.05654651 0.10883713 -0.03091689 0.07321144 0.05171549 0.02217081 -0.02848501 1
-0.06221291 -0.05097315 0.05917379 -0.01492149 0.00731452 0.04269141 0.04004673 -0.00793468 0.08547313 0.01150678 -0.08795305 0.07795428 0.02119284 -0.05313803 0.01032113 0.02417166 0.00806073 0.00717615 1
-0.03566872 0.01504574 0.03346807 0.0153167 -0.00536897 0.022475 -0.00185357 0.000967 0.01501986 -0.01702466 0.008255 -0.02438616 0.00339778 0.00120331 -0.034734 -0.00288854 -0.0093779 0.01377898 1
0.06784998 0.06864695 0.00227065 -0.11731678 -0.14697083 -0.01942236 -0.05337708 -0.01177464 -0.06375024 0.02567358 -0.01292045 0.00854515 0.16250454 -0.03333699 0.11067461 0.02455737 0.00322512 0.00051471 1
0.02059649 0.03153125 -0.03590505 0.04372152 -0.01034315 -0.08577085 -0.00146346 -0.00495176 -0.02768484 0.01705326 0.0086309 0.02323268 0.02761266 -0.03544848 -0.05000863 -0.01074168 -0.02300581 0.0544949 1
0.0167739 -0.00040851 -0.04999209 -0.09688446 -0.06382348 0.02608151 0.01493787 -0.02597343 -0.02737551 0.00661052 0.06706728 -0.03867599 0.06409844 0.00080177 0.09575232 -0.00248543 -0.04470598 0.07509082 1
0.03914939 -0.05397389 0.01425869 -0.1156311 -0.13742021 0.04987328 0.03684499 -0.04141395 -0.0152918 0.01232794 -0.02432074 -0.00316381 0.1249508 0.04243739 0.17066328 -0.05867962 -0.03141677 0.02727403 1
0.0226337 0.01195448 0.02712023 -0.06396545 -0.06969074 0.11148508 -0.05776305 -0.03226876 -0.0486324 0.06612034 -0.07444723 0.10524479 0.07418183 -0.01857742 0.05907743 -0.02156498 0.0257142 -0.04949657 1
-0.04190895 -0.11772872 0.03659524 0.02060825 0.00184089 -0.00184419 0.09826417 -0.063951 0.07786906 0.02315982 0.00691944 -0.04875643 -0.00064398 -0.02961737 0.03136307 -0.00866858 -0.07682326 0.05880146 1
0.07097969 0.0542156 -0.00541796 -0.06500114 -0.14106412 0.05884209 -0.02222025 -0.0237939 -0.1248257 0.08216059 0.00378202 -0.01584811 0.12591844 -0.02817542 0.11163362 0.02270476 -0.01189094 -0.01176584 1
0.05602445 -0.03333589 0.08600461 -0.08309841 -0.01893087 0.01599205 -0.02428611 -0.08598761 -0.02030706 0.04541597 -0.03322233 0.00821984 0.06002155 0.01904894 0.06005332 -0.01947931 0.06393295 -0.0480453 1
-0.00481978 0.01766872 0.01832756 0.03522592 -0.00220877 -0.04198533 0.00065357 -0.00718482 -0.01404447 0.00472947 -0.01607633 -0.00374759 -0.01894508 0.0100571 -0.04111185 0.02315956 0.0311456 -0.01043845 1
0.00509508 0.03859253 0.00954827 -0.02905708 0.01992959 0.0178023 -0.03131537 0.00685376 -0.02212063 0.01408377 -0.01231774 0.00526429 0.01736591 -0.03431988 -0.00441317 0.02859557 0.00278037 -0.0297878 1
0.04770899 0.01077368 -0.07331743 -0.09447227 -0.06011556 -0.00914346 -0.03625693 -0.0345774 0.00562183 0.03476941 -0.05907688 0.04530966 0.09690614 -0.02858444 0.05883935 0.01363783 0.08312196 -0.01306582 1
0.07760555 0.03054862 -0.07727155 -0.02287934 -0.1281408 0.03599425 -0.09456204 0.09075359 -0.01776198 -0.02944913 0.0478638 0.01127037 0.03543455 -0.02561816 0.12005584 0.03443026 -0.06815844 -0.05329957 1
0.02308912 3.626e-05 -0.03603191 -0.04112178 -0.03820071 0.01652083 -0.00307003 -0.02115884 -0.02734136 0.01316929 -0.00461135 0.03857059 0.02934603 0.01006697 0.03628571 -0.02071535 -0.04942694 0.05116779 1
-0.06697758 -0.06628922 -0.0073527 -0.06000441 -0.08645664 -0.03423397 0.06345718 0.01410429 0.06062493 -0.01221181 0.00142575 -0.02544087 0.05319805 -0.02086589 0.08105714 0.01789967 0.00642622 0.01165034 1
-0.03967473 -0.03107173 -0.10615505 -0.01887696 -0.02160901 -0.03283355 -0.03255707 0.03235329 0.08603196 -0.01550932 -0.02132697 -0.05544117 0.00373503 0.03065883 0.01801008 0.0070124 0.06980033 -0.11257781 1
0.09951178 0.14888012 -0.01360265 -0.00725494 0.00298875 -0.0034547 -0.11054842 0.00710393 -0.13566773 -0.03634339 0.00361976 0.02429182 -0.00504729 0.00425648 -0.00688774 0.00225502 0.03020592 0.00648586 1
-0.03156993 -0.04331902 -0.0081514 -0.09414751 -0.12779673 0.03136734 0.03211972 -0.02126786 0.04832801 0.00258695 0.03242722 -0.05385919 0.07708934 0.00746109 0.12449228 -0.03782367 -0.03068437 0.0642533 1
-0.10243988 -0.05403116 -0.01948033 -0.155532 -0.12018642 -0.05764989 0.1268458 0.03534127 0.03058683 -0.03420237 0.12519375 -0.0738278 0.15994347 0.02087226 0.11965257 -0.03965105 0.13831916 -0.08991407 1
-0.04101277 -0.02678855 -0.05244969 -0.07192564 -0.13772983 -0.03287542 0.1090497 -0.0179926 -0.00359491 0.05354206 -0.01701639 -0.05241721 0.13639726 0.00707695 0.09096057 -0.02763292 0.03030817 0.00365441 1
-0.08848907 -0.08290673 -0.00949108 -0.17884274 -0.15932046 0.04430264 0.05121334 -0.04211745 0.10231188 0.05159643 0.02209268 0.00227532 0.19714564 -0.05161709 0.11357695 0.05608082 -0.00233907 -0.018222 1
0.04284354 -0.00786686 -0.07884362 -0.17449437 -0.12754511 0.05053914 0.01153077 -0.07733481 -0.05707636 0.12745412 0.02877768 -0.01337871 0.14954285 -0.00598773 0.18446307 -0.02353275 -0.06766425 0.03475454 1
0.03109929 -0.02857126 0.04446911 -0.03597444 -0.14654739 0.00386671 0.02113947 -0.0237929 -0.04941974 0.0264599 -0.01122447 -0.01877543 0.07314733 -0.14429601 0.09118382 0.10639638 0.00299655 0.00795465 1
-0.05009765 -0.02008607 -0.04787062 -0.05014894 -0.13106038 0.01408978 0.06322687 -0.00642292 0.01517072 0.03434392 0.10850423 -0.10763407 0.11112563 -0.08735529 0.0969043 0.06814532 0.03725611 -0.06154992 1
0.08429887 0.00222971 -0.00336069 -0.03352511 -0.00100455 0.01344248 -0.02783643 -0.14285563 -0.08670876 0.17080932 0.00387619 0.02314104 0.0056162 0.00295271 0.0553648 0.00874431 0.0025388 0.02191277 1
0.03445821 0.06037072 -0.04091753 -0.11091514 -0.1054414 -0.01423484 -0.02917705 -0.03845944 -0.06659853 0.08683288 -0.01380722 0.03317112 0.14012757 -0.00923612 0.08127336 -0.00072778 0.17604208 -0.12848611 1
-0.09146636 0.15086112 -0.01475192 -0.09824074 -0.04394416 -0.07467948 -0.04126379 -0.08656356 0.007518 0.02930457 0.05106769 -0.02203014 0.02794688 0.0733215 0.09507407 -0.0414355 -0.06787295 0.09162571 1
0.0356716 0.02392463 0.00082591 -0.1594199 -0.0883281 0.0897032 -0.04433453 -0.1272866 -0.00448385 0.12038074 -0.02391382 0.01871506 0.12166607 0.00786723 0.10726436 -0.01191206 -0.02128535 0.0321283 1
-0.00303914 -0.02444882 0.00762016 -0.09856069 -0.05610332 -0.08288132 -0.01007975 -0.01790813 0.02507967 0.03796057 -0.0777264 0.07129844 0.07669737 0.10775232 0.09547721 -0.09099861 0.03491008 -0.03199663 1
-0.15088826 -0.06083554 -0.0758064 -0.06804442 -0.09409163 -0.02276519 0.07070885 0.03224983 0.1110823 -0.00913398 0.02652855 0.04521408 0.0875756 0.02959461 0.07747218 0.03073479 -0.03903894 0.04046358 1
-0.08920002 -0.0637904 -0.03795112 -0.05873289 -0.00869618 -0.03224105 0.11298367 -0.02706432 0.03737465 0.04977377 0.07007805 -0.04128864 -0.00952845 -0.00437775 0.06658394 0.01122505 0.01602132 -0.03912342 1
0.02893667 0.06710111 0.06944601 0.02521009 -0.023189 -0.03184748 -0.06009405 -0.04181329 -0.04661032 0.01609685 0.01698616 -0.01876626 -0.00163359 -0.01609329 -0.0302103 0.03206713 -0.00497948 0.01195265 1
-0.00728141 0.00769653 -0.01235294 -0.0380545 -0.06091503 -0.02042805 -0.01345311 -0.02317783 0.02096853 0.01932906 -0.00608553 0.03142805 0.0348461 0.00935349 0.06142166 0.01597796 -0.00793946 0.03436846 1
0.02277195 -0.00327212 0.08708674 -0.16945828 -0.11147476 0.00770001 -0.00284331 -0.0464786 0.00327738 0.05345619 -0.08046819 0.05442238 0.13567419 -0.01173052 0.14580169 0.0109074 0.07137019 -0.08005453 1
-0.13977261 -0.05391036 -0.0510875 0.01636946 -0.04159446 0.00495977 0.09035409 -0.01034676 0.06062629 0.06054818 0.01055429 0.02837171 -0.03162864 0.0366437 0.03659939 -0.01115173 -0.01072371 0.02910359 1
0.04713117 0.03791923 0.01111428 -0.07852312 -0.06393571 -0.00981697 -0.02365401 -0.02947912 -0.08174697 0.09306464 0.0401603 -0.04172809 0.03419713 0.04527275 0.06519509 -0.04217816 0.01884536 0.01164065 1
0.06993243 0.04244522 0.04309403 -0.01241714 0.01363471 -0.07171631 0.01562725 -0.08726558 -0.08355305 0.07681267 0.00335609 -0.0542468 0.00707375 0.10201446 0.01996962 0.00227654 -0.09795356 0.08214741 1
0.1009067 0.10684062 0.10685448 -0.05197538 -0.09768553 0.19682013 -0.07269119 -0.01147227 -0.17184192 0.04965667 0.08846621 -0.08706961 0.07468775 -0.1208578 0.04075133 0.11130554 0.0292033 -0.04367776 1
-0.14652127 -0.09584095 -0.00610953 -0.07074402 -0.04821896 -0.02271271 0.11183011 0.08271781 0.12165179 -0.08974113 0.04436892 -0.02901465 0.06886561 -0.05773307 0.0589275 0.06438218 0.01639215 -0.00926707 1
-0.02990507 -0.02479374 0.043249 -0.02795294 -0.05834616 0.01283464 0.0211859 -0.08394981 0.02332202 0.05706035 -0.01823649 -0.00065532 0.01162642 0.00980447 0.07538473 0.01456948 0.03725513 -0.01593687 1
0.05195294 0.01561269 -0.00814464 -0.03309153 -0.04403522 -0.02560812 -0.02995671 -0.05418109 -0.03890705 0.05837929 -0.14100576 0.14391748 0.01593215 0.00250555 0.04446994 -0.05529127 0.03752701 0.02898228 1
-0.07485337 -0.04748258 0.03989989 -0.05929145 -0.06369472 -0.00726524 0.0748366 0.04997494 0.02907526 -0.0126394 0.01579974 -0.02473856 0.1223942 -0.07711987 0.01633195 0.04050931 -0.05139761 0.02353027 1
-0.06375441 -0.03245844 -0.03212686 -0.10550227 -0.05020215 0.00149039 0.02113995 0.01763331 0.0751237 -0.03340242 0.15037594 -0.09437735 0.08565061 -0.02596057 0.04535641 0.04686422 0.09228134 -0.08130167 1
-0.0699219 0.02377879 0.04252404 -0.10489279 -0.07981155 -0.00015851 0.00951579 -0.01240389 0.06026653 -0.00637996 -0.0694924 0.06380487 0.07496273 0.01503802 0.10732554 0.00658387 -0.03294242 0.0517964 1
-0.04676777 -0.04856728 -0.02957486 -0.07724908 -0.04431655 -0.0559235 0.07388692 -0.03768024 -0.00050123 0.03643913 0.07949906 -0.08708347 0.08233599 -0.00019586 0.03683465 0.03066394 0.06821383 -0.05592818 1
0.06357682 0.04391522 -0.00778715 -0.12238304 -0.14795786 -0.00516142 -0.03122506 -0.04431472 -0.06425477 0.05323577 0.01631945 -0.00656957 0.1244333 -0.03027628 0.13016417 0.03320956 -0.04198444 0.04303046 1
-0.05169454 -0.14058184 -0.01065508 -0.21796911 -0.13821779 -0.03547363 0.07859303 -0.06100516 0.09353841 0.07210429 0.02834243 -0.05757158 0.17446982 0.09608416 0.17138129 -0.09730629 0.08838136 -0.08510823 1
-0.05837223 -0.00835046 -0.00961422 -0.13141683 -0.14762719 0.02546717 0.05660572 0.0241716 -0.0165584 0.05379294 0.04657342 -0.01845626 0.11553571 -0.05950408 0.1746343 0.04931345 -0.00122022 -0.01029834 1
0.00884207 -0.03094815 -0.0326477 -0.05484919 -0.03499341 -0.00438137 -0.00551514 0.02607961 0.00166882 0.03317137 -0.12449789 0.1002527 0.04762275 0.02768304 0.00143824 -0.08010973 0.00208004 0.06948366 1
-0.00519689 0.03423742 0.08634701 -0.0687793 -0.09843995 0.01927575 -0.00313405 -0.031653 -0.04117192 0.01016956 0.04222199 -0.01133592 0.08881078 0.05006483 0.05741482 -0.0446057 0.07084527 -0.07017711 1
-0.07942191 -0.03323762 0.09677919 -0.19863301 -0.15532589 -0.06133572 0.10635897 -0.03988036 0.02916139 -0.00357254 -0.04718863 0.0819502 0.23197244 0.00518086 0.15541594 -0.0345663 0.21313606 -0.14383805 1
-0.08111616 -0.08807454 0.00307178 -0.1482688 -0.0972522 -0.02691777 0.0772673 0.03142039 0.09994266 0.00576946 -0.00158137 -0.03246316 0.12093724 -0.01884321 0.08991328 0.05778038 0.12205248 -0.13016869 1
-0.01321152 -0.03557706 -0.0729659 -0.11276576 -0.08707639 -0.07681113 0.0044101 0.04017287 0.0276591 -0.00614475 -0.01429178 0.02041741 0.08230425 0.01252047 0.10390283 -0.01491865 0.00582553 -0.00781913 1
0.04665176 0.03648846 -0.08904094 -0.09643318 -0.02812005 -0.00993762 -0.03047405 -0.01455874 -0.04894704 0.01203414 0.05907609 -0.01286595 0.10728483 0.02651406 0.04221897 -0.02227214 0.03645118 -0.03976806 1
-0.13509635 -0.06622096 0.01028583 -0.082741 -0.01219307 0.03999196 0.16077864 0.05425015 0.08069506 -0.04260387 0.02762754 0.01633461 0.06299891 0.03557733 0.0248639 0.01656687 0.05491183 -0.04250128 1
0.12073262 0.037606 -0.03079756 -0.13676806 -0.09283681 -0.05329833 -0.06922373 -0.03715391 -0.04978567 -0.02039699 -0.0045168 0.04714478 0.12487833 0.0214582 0.11738349 -0.04228536 0.13366486 -0.10842311 1
-0.03453846 -0.05906129 -0.01563692 -0.15403833 -0.07527068 0.05016465 0.01072401 -0.00452196 0.06585349 0.05171301 -0.05738831 0.03503059 0.13109767 -0.02143833 0.09661092 -0.013557 0.11881696 -0.07503549 1
-0.02883656 -0.00883294 0.06966653 -0.07973589 -0.06503955 0.01010902 0.04742488 -0.07638539 -0.0153747 0.03894384 -0.03658556 -0.00545701 0.02688816 -0.06564765 0.1217351 0.0767909 -0.06114959 0.12495744 1
-0.01042355 0.06654605 0.02130377 -0.12672894 -0.03240756 -0.02414776 -0.04259401 -0.04399786 0.0151007 -0.00578211 -0.04147611 0.01936885 0.07220169 -0.00519714 0.08273792 0.01070985 0.01097839 -0.01107836 1
-0.10753541 -0.12294379 0.05004306 -0.05713036 -0.01080569 -0.03672267 0.09908274 -0.05742237 0.1390075 0.01532947 0.016153 0.00959738 0.04923657 0.05514043 -0.00854583 -0.03423103 -0.0295134 -0.0017641 1
0.03209295 -0.10577892 0.00949278 -0.10235717 -0.03436015 -0.06482226 0.02526022 -0.0110571 0.0089882 0.03269908 -0.03261465 0.0263745 0.0438019 0.05616713 0.07819229 -0.05406763 0.07905556 0.01222497 1
0.03939214 -0.05875467 0.00808258 -0.00921562 -0.0891047 0.05678797 0.00181047 -0.21452744 -0.00754089 0.20220198 0.0079776 -0.06190919 0.13598355 -0.03474005 -0.01193772 -0.00966672 0.00757334 0.00191102 1
-0.02690189 -0.14033149 -0.09210538 0.02122815 -0.08141904 0.01377194 0.07281517 -0.04552052 0.09592931 0.09095502 0.05485431 -0.02624254 0.017087 -0.07622649 0.03270335 0.06596847 -0.04157029 0.01239601 1
0.00375751 -0.03876963 0.00765441 0.00988746 0.00414399 -0.0778966 0.00117277 -0.03632031 0.01112155 0.04375797 -0.09967199 0.09706967 -0.04508568 -0.02846546 0.01634172 0.0865415 0.08524553 -0.05362717 1
-0.00070886 -0.04743853 -0.0669703 -0.09937287 -0.13739361 0.00319636 0.01866455 0.0054539 0.04320299 0.0012848 -0.07630759 0.0956009 0.12206123 -0.0054223 0.13577193 -0.01272791 0.14134997 -0.09668608 1
0.08292504 0.04263861 0.14637019 0.05621054 -0.04459802 0.0768106 0.07470691 -0.22439289 -0.16585547 0.16251526 -0.03156353 -0.02069886 0.00328012 0.04329293 0.00295995 -0.05737625 -0.13775606 0.14411132 1
-0.12697957 -0.04314218 -0.02832731 0.0583627 0.00223825 -0.03625692 0.08686055 0.05536609 0.0852397 -0.00156455 0.0410298 -0.03240139 -0.00343252 -0.136659 -0.02888685 0.12358468 0.01838853 -0.00101271 1
-0.00870076 -0.02388984 0.00227326 -0.10799113 -0.05918634 0.03019197 -0.02142113 0.02734738 0.05253259 -0.02639094 -0.09009847 0.11347924 0.06937344 0.00762372 0.06940452 0.05433423 0.00146527 -0.04334465 1
-0.0533808 -0.14057718 0.02048393 -0.15118293 -0.12482509 -0.03548043 0.03282967 -0.08548421 0.15848646 0.08098125 -0.03227708 0.06195299 0.06905296 0.0646313 0.17988484 -0.05279265 0.02150282 0.02818678 1
0.00784853 -0.02053135 -0.06222516 -0.08725655 -0.06188877 0.04976088 -0.02514002 -0.05537511 0.0439294 0.06289239 -0.00336044 0.02433784 0.04117234 -0.02948394 0.0969612 0.04052496 -0.0423397 0.00834118 1
0.02116401 0.03326042 0.00264677 -0.02774289 -0.07386748 0.10567466 0.02711295 -0.09854456 -0.04320648 0.10352304 -0.00049842 0.0118616 0.07880956 -0.02649984 0.01343507 0.00058577 -0.02063629 0.01978546 1
0.01956853 -0.02175616 -0.02382796 -0.08901293 -0.16053901 -0.0365821 -0.03206781 -0.01897666 0.02316497 0.05644845 -0.03176091 0.03635839 0.14870181 0.01772694 0.09448192 0.03157417 0.06269446 -0.08036034 1
-0.00784842 0.02172122 0.00045823 -0.05558007 -0.07155557 0.00510851 -0.02243637 0.0192948 0.0082066 0.01045245 -0.0195565 -0.00067762 0.06861927 -0.03057269 0.07977356 0.00298875 -0.01021668 0.00243593 1
0.03500434 0.00709706 -0.01061665 -0.104175 -0.11164731 0.03192099 0.03412565 7.26e-06 -0.04947934 0.0516397 -0.06473684 0.03028703 0.13869797 0.01385097 0.1114505 -0.04510883 0.00189995 -0.048108 1
-0.02949475 -0.04426159 -0.01989425 -0.07964781 -0.1421826 -0.02155915 0.05521385 -0.04134995 -0.00900512 0.04835569 0.03971273 -0.01439417 0.12888801 0.00580296 0.12409414 -0.01438509 0.04961156 -0.02229819 1
-0.02910502 -0.0373186 -0.12466069 -0.04216958 -0.10019967 0.00174949 -0.02556634 0.03581347 0.11069427 -0.01659079 -0.0221962 0.0973689 0.04847533 0.05728567 0.09895672 -0.0458788 0.02097282 -0.01010719 1
-0.1444738 -0.10718403 0.01515206 -0.07951171 -0.02266601 0.03419707 0.17421753 0.07072185 0.09284535 0.00997702 -0.01188818 0.04473237 0.01498246 0.0256104 0.07496076 -0.04425639 -0.000936 0.00829285 1
-0.02762626 -0.12147732 0.00165127 -0.09970624 -0.12534719 -0.02784951 0.08185153 -0.02336512 0.08287712 0.05076173 0.06340125 -0.04658424 0.04254449 0.02443521 0.15656303 0.00862767 -0.02995544 0.07152891 1
-0.01697074 -0.0440418 0.00167077 -0.16379623 -0.16131281 0.08422843 0.00553453 -0.00915794 0.08167797 0.00759901 -0.05865802 0.03240151 0.1864244 -0.09969038 0.18461269 0.03568882 -0.01389759 -0.00917662 1
-0.03652059 -0.02302984 -0.01193009 -0.03162791 -0.03610181 0.02502327 -0.00114413 0.03191808 0.04312032 -0.02823139 0.00615752 0.02367834 0.03140923 -0.08047775 0.06059323 0.0201768 0.01456236 -0.00445406 1
0.04612257 0.03732329 -0.05751006 0.01861321 0.03105762 -0.00590536 -0.02704004 -0.00771661 -0.07815365 0.04344031 0.03294311 0.01920328 -0.03197098 -0.01391175 -0.01691496 0.00736628 -0.02571436 0.03861882 1
0.01207048 0.00518955 0.01384217 -0.05122455 -0.0208651 -0.02383557 -0.01964159 -0.04086043 -0.02385616 0.02739219 0.04327513 -0.00763683 0.03655999 -0.02207451 0.08957342 0.00210512 -0.00844391 -0.04099684 1
-0.05150948 0.01241098 -0.04200611 -0.05330439 -0.08721052 -0.02379122 0.04290009 -0.01302729 -0.01187838 0.07196834 0.02440568 -0.01824875 0.05904752 -0.0017967 0.06449746 -0.00895718 0.04699202 -0.05470154 1
-0.03137685 -0.04653843 -0.0247839 -0.01267257 0.00792282 -0.00053068 0.03073094 0.07055305 0.0390012 -0.041044 -0.05330981 0.03544225 0.02998548 -0.00440484 -0.03182926 -0.00237388 -0.00365208 -0.00731562 1
0.03296745 -0.00583178 -0.01921585 0.03460924 0.04688432 -0.00643575 -0.04086796 0.06846934 -0.02683294 0.00936285 0.02535352 -0.03772772 0.00141553 -0.16279403 -0.05507801 0.12549556 0.08583221 -0.09808027 1
-0.03120333 0.02329452 -0.05162707 0.01858127 0.00743268 0.00557226 -0.05921154 0.0122505 0.02132147 0.03752034 0.00803675 0.04178261 0.01417106 -0.10292434 -0.05636796 0.12186539 -0.04205199 -0.00679544 1
-0.05528683 -0.07933 0.0688085 -0.06325629 -0.07611666 0.00842888 0.03771345 -0.04288758 0.1206031 0.00979475 -0.04189706 0.03563064 0.0613397 -0.02410436 0.05097146 -0.03074695 0.07031912 -0.02005756 1
-0.01506385 0.0208419 0.05888787 -0.05576231 -0.0997827 0.02567912 0.00143246 -0.09799675 -0.01103395 0.07953302 -0.05543109 0.10060902 0.06323468 -0.03652389 0.10249208 0.03565051 -0.00260535 0.00105254 1
-0.01622656 -0.03017777 -0.02080615 0.10856536 -0.03528226 -0.05729825 0.01398748 -0.10158907 0.0387708 0.08851506 0.04270947 -0.061186 -0.03569763 -0.00432151 -0.01080155 0.05570626 -0.10146121 0.07055192 1
-0.06219362 -0.01976583 -0.02754089 -0.04315084 -0.07065816 0.00056415 0.03226773 0.0598657 0.05157396 -0.0141379 -0.05644349 0.06799855 0.06340603 0.00089408 0.0407518 0.0219022 0.02255201 -0.03705676 1
-0.01121136 -0.06565202 0.07269986 -0.11235605 -0.06049624 0.035659 0.01852412 -0.03491404 0.06192116 0.01067516 -0.02579354 0.05941804 0.09526203 -0.02487871 0.09446274 -0.00439772 0.02685726 -0.02294535 1
0.04123516 -0.02009754 0.05557267 -0.02514378 0.0023671 0.08440304 -0.02570345 -0.07329557 0.01032555 -0.00822636 -0.0015826 -0.01449175 0.07623419 -0.01595194 -0.04748092 0.01036821 0.00554146 -0.05444015 1
0.06728056 0.09542188 0.0608777 -0.0607193 -0.18107719 -0.01402903 -0.03897337 0.11071946 -0.10009825 -0.12747323 -0.10959645 0.05167998 0.04678423 0.10649725 0.15666302 -0.08844332 -0.16135838 0.22085468 1
-0.12460432 -0.10923056 0.0688335 -0.17332929 -0.10979897 -0.03932664 0.14308792 -0.02523258 0.05681893 0.02560668 -0.02131586 0.03147551 0.13054594 0.00329038 0.13306825 0.03291101 0.02753232 -0.01239336 1
0.10430841 0.09821322 -0.14177285 -0.12912346 -0.16718956 -0.06108951 -0.16546523 0.09451897 -0.04671522 0.00144689 -0.04066998 0.11043572 0.12755036 -0.01207561 0.17478858 0.03820281 -0.01348633 0.03950654 1
-0.02287415 -0.0483642 -0.01426971 -0.06661851 -0.03186863 -0.00252751 0.03213936 -0.05121883 0.0488357 0.08078916 -0.01593487 0.06739775 0.05215831 0.12235467 0.06136829 -0.1369934 -0.04334808 0.00094043 1
-0.05926754 -0.01687049 -0.21363514 -0.13314323 -0.0688751 -0.07162034 -0.10060323 0.13728714 0.13304341 -0.2021849 0.33643667 -0.18356198 0.15896551 0.19265231 0.04199202 -0.13128685 -0.0360578 0.0132515 1
-0.03196063 -0.01554244 -0.04773503 -0.14595127 -0.14804191 -0.01452508 0.03297614 0.02760564 0.02589733 -0.00452779 -0.05535467 0.04830038 0.14677422 0.03511163 0.15045174 -0.02062328 -0.02011707 0.01452652 1
-0.1073871 -0.02590692 0.0946811 -0.03513979 -0.03486311 -0.02684603 0.04584638 -0.03496638 0.14035264 0.05708802 0.04135229 -0.12735445 0.01409885 0.05114174 0.09444062 -0.09208967 -0.00098139 0.01426907 1
0.02779349 0.0169696 0.05051644 -0.16256596 -0.12460733 -0.00659977 -0.0452026 -0.07942256 0.01684117 0.03702491 -0.02754545 0.04057867 0.13880694 0.02715769 0.13699458 -0.03769781 0.02464129 -0.0262065 1
0.03461617 0.01526538 -0.04310566 -0.09910624 -0.12765981 0.07449281 -0.01559256 0.00153143 -0.01909406 -0.03838658 -0.09111328 0.0517997 0.11853765 -0.08652534 0.11826199 0.05684135 -0.07671397 0.07386717 1
0.00960348 -0.03653682 -0.01243729 0.13070293 0.03463704 0.04097147 0.04563005 -0.06095322 -0.0256748 0.01327642 0.07978223 -0.07385462 -0.09141726 -0.08746941 -0.10296117 0.11420687 -0.13051112 0.11832068 1
0.01248424 -0.02783344 -0.02138196 0.01904331 0.00989208 -0.04599088 0.01722827 0.03283711 0.01711534 -0.01601337 -0.0312575 0.04635049 -0.02456432 0.0162677 0.00227534 -0.00679123 -0.03971616 0.02141556 1
-0.04118457 -0.00907129 -0.01321119 -0.03078324 -0.02405323 -0.01458756 -0.00291343 0.03461371 0.02945761 -0.0743133 0.02881446 0.01173815 0.01782199 0.0564513 0.06705677 -0.06327699 -0.0318998 0.02122451 1
-0.01472439 -0.02779137 0.06241005 -0.07494297 -0.05085361 0.01588068 0.05785586 -0.00820114 0.00109292 0.0010064 0.00108865 -0.00873851 0.06767233 -0.01440116 0.08064705 -0.0052404 -0.03511352 0.0365426 1
-0.02907708 0.04747507 -0.03825219 -0.078363 -0.09175593 0.04174262 -0.02018098 0.05726966 -0.01605485 -0.06084 -0.02725862 0.06584761 0.06653037 0.0906074 0.05625639 -0.04274961 0.01930993 -0.02757331 1
0.20930795 0.15808558 0.08580879 0.13274424 0.09010157 0.16718959 -0.16223485 -0.08633782 -0.19387093 0.06916155 -0.0370198 0.02678104 -0.09563412 -0.096046 -0.09333609 0.0262379 -0.07562294 0.00588982 1
