-0.01984289 -0.14121136 0.27194539 -0.09827765 0.05894721 0.05071876 0
-0.10675569 -0.01684045 0.00842902 -0.03563721 -0.03698589 0.01057372 0
-0.05892679 -0.01265517 0.03921335 -0.05125352 -0.02000249 0.03722093 0
0.07043114 0.10615241 0.00297553 0.04186175 0.10964841 -0.03154215 0
0.11480559 0.12376814 -0.05774949 0.00652621 -0.08926293 -0.01748868 0
0.08145993 -0.00836573 0.0919215 0.05015873 0.0121457 0.05286238 0
-0.02641701 0.01776568 0.02681068 -0.02238686 0.00255455 -0.0024417 0
-0.07695518 -0.02386528 -0.10532937 0.02261362 -0.01274037 0.00829368 0
-0.0132161 -0.10098868 -0.10224194 0.01675319 -0.00132417 0.02100291 0
-0.07597104 -0.10280072 0.02506335 0.00064741 0.00867822 -0.0576936 0
-0.15178398 -0.15290628 -0.22616342 -0.06733091 -0.12529636 0.17500909 0
0.29122774 0.08918621 0.16542973 0.20812803 0.13555015 0.05112854 0
-0.02119841 -0.07571742 -0.01233434 -0.02164473 -0.0754879 0.0232991 0
0.07325984 0.02219556 -0.01122088 -0.05209425 -0.04501793 -0.01439215 0
0.0714915 0.10675579 -0.07222506 -0.08368535 -0.15578858 0.01000624 0
-0.06501106 -0.06534694 -0.00134025 -0.04450666 -0.08656085 0.03621387 0
-0.03039929 -0.01405841 -0.00411011 0.00459624 -0.01774745 -0.07727787 0
-0.02959136 0.13237584 0.09256867 -0.13585006 -0.0971847 0.06105813 0
0.08423561 0.01951256 0.09610875 -0.10622916 -0.120916 0.06220917 0
-0.04570914 -0.01851822 -0.00251079 0.00284686 -0.00770566 -0.06763249 0
0.09563522 0.09400442 0.06181047 -0.04575867 -0.1124885 -0.02915432 0
-0.04112627 -0.07189356 0.06968348 -0.04090262 -0.14347467 0.04244576 0
0.01925939 -0.06234926 0.0057595 -0.08129814 -0.08933506 0.08433724 0
-0.13022962 -0.24078638 0.00147274 -0.1590877 -0.30696344 0.01739864 0
0.01565897 0.03049343 0.08780832 -0.07262018 -0.03107533 0.01131286 0
-0.06522695 -0.08972361 -0.0484895 -0.03374215 -0.04872401 0.04424844 0
-0.06745269 -0.09771472 0.02853413 -0.00443984 0.01225062 -0.04856983 0
-0.02790481 -0.0083759 -0.04933514 0.03483416 -0.03568839 -0.02029144 0
-0.06252125 -0.02377515 -0.02525977 -0.14838255 -0.07608711 0.00607231 0
0.09979942 0.06711074 0.06614672 0.16779199 0.07944072 -0.00880566 0
-0.05023329 -0.03628868 0.02104477 -0.01785951 -0.09064143 0.02560837 0
0.01551796 0.02229701 0.06022295 0.0196093 -0.02274425 0.03095345 0
-0.02628799 0.02350494 -0.02689449 -0.13330873 -0.10910123 -0.01561548 0
0.0722789 -0.01368052 0.00975168 -0.13238534 -0.0036989 -0.14495246 0
0.04014677 0.04198716 -0.07317845 0.15641203 -0.06170124 0.0537949 0
0.03730746 -0.02243423 -0.02268227 -0.1527345 -0.16505802 -0.04379348 0
0.02037516 0.00235453 0.01537577 -0.14006565 -0.17797768 -0.01181063 0
0.0421333 -0.00632875 -0.04619985 -0.13003722 0.01138924 -0.03144365 0
-0.03843078 -0.03124345 -0.02882499 4.787e-05 -0.00368548 -0.00862255 0
0.03982365 -0.03704134 0.03366017 -0.07472104 -0.10939963 -0.00357761 0
0.02096374 0.02837678 0.01836614 -0.06000051 -0.01202487 0.07049942 0
-0.00964488 -0.00341481 -0.06076569 -0.09545502 -0.0836327 0.04817146 0
-0.071685 -0.08451263 0.03186591 -0.18294614 -0.18958525 -0.01661099 0
0.00885768 0.01128149 0.04396145 -0.06219111 -0.11629137 0.04535159 0
-0.0318571 -0.00589146 -0.01766842 -0.16570711 -0.0563246 0.05002953 0
-0.02302229 -0.02511831 0.01794962 -0.12779218 -0.12248785 -0.01281384 0
-0.16344059 -0.08276731 -0.06608338 -0.10450911 -0.14241674 0.02271486 0
-0.04438851 -0.03459121 -0.01407553 -0.1032847 -0.09083383 0.00991443 0
-0.01055284 -0.05310747 -0.04061294 -0.01013611 -0.07103307 0.02025074 0
0.06932951 0.00584439 0.00222232 -0.08670407 -0.10953229 -0.02622545 0
-0.02660963 -0.0351958 0.08266148 -0.14131303 -0.13915903 0.04237747 0
-0.02304939 -0.04775603 0.08793968 -0.0133269 -0.11163479 -0.00131983 0
0.06443604 0.01296835 0.06827694 0.01976879 -0.06718831 -0.01876668 0
-0.08076062 -0.13984887 0.01215144 -0.04792065 -0.0336664 -0.03250769 0
0.07435031 0.04329789 0.0044203 -0.03517627 -0.04431728 0.03888815 0
-0.04094592 -0.05679323 -0.00782874 -0.007225 -0.03055404 0.04604878 0
-0.03315848 0.05987191 -0.05136388 0.06548546 0.06555089 -0.05592901 0
0.021352 -0.00898533 -0.02233661 -0.15282273 -0.16212077 0.09991622 0
-0.12135472 -0.05496372 -0.02986219 -0.12330001 -0.08123595 0.05327946 0
-0.0106248 0.05156332 -0.00030039 -0.08345928 -0.03291863 -0.0285812 0
-0.03090145 -0.03259662 0.00866855 -0.09754337 -0.10441551 -0.01640146 0
-0.07897131 -0.12000271 0.03807294 -0.0396175 -0.00602387 0.04240206 0
0.05163991 0.00619731 0.00337077 -0.07875039 -0.07129734 -0.06665497 0
-0.04699027 -0.10242954 -0.00842298 -0.10240987 -0.11096445 0.05183465 0
0.0366277 0.0078142 0.00432412 -0.08320252 -0.08626302 0.0215961 0
-0.05774 -0.05560196 -0.02430343 -0.06006445 -0.06917433 0.04261812 0
-0.04420953 -0.04294461 -0.01847127 -0.04623628 -0.06118918 -0.04116017 0
-0.02842368 -0.01361972 0.00461755 -0.13549466 -0.11131595 0.00789468 0
-0.04427752 -0.03561073 -0.01384084 -0.15161881 -0.07198901 0.06296829 0
0.03808274 0.01109206 -0.00161886 -0.1276362 -0.11198849 0.04732843 0
0.23451812 0.15845727 0.05876659 0.13573652 0.03824539 0.10575755 0
0.0626255 0.0313081 0.0669486 -0.13822841 -0.09761994 0.01097043 0
0.02018028 -0.02209945 0.02728485 -0.0875127 -0.0775139 -0.02607422 0
0.04784951 0.01242511 -0.00980725 0.0473904 0.04351113 -0.01068829 0
-0.10209507 -0.09273537 -0.0337033 -0.0861202 -0.04924971 -0.01702986 0
0.04213518 -0.00019211 0.03295371 -0.04690663 -0.09732629 0.05621679 0
-0.0465663 -0.02055248 0.06455027 -0.09138234 -0.09317413 -0.01358419 0
-0.06021837 -0.0698189 -0.10062845 -0.19037443 -0.07651232 -0.01566836 0
-0.04723733 -0.02157529 0.00838804 -0.00117057 -0.05967447 -0.01086545 0
-0.00347621 -0.01262222 -0.02546572 -0.10965359 -0.05130879 -0.04631401 0
-0.0414152 -0.04672466 0.0112945 -0.08123476 -0.12821865 0.02203051 0
0.1191242 -0.05779977 0.03943691 -0.11372932 -0.07128282 0.04290544 0
0.00825127 -0.08208246 -0.03061032 0.02654383 0.00881389 0.0154084 0
0.10813664 -0.00521457 0.02938253 -0.05257683 -0.13432384 0.13339946 0
0.02530891 -0.03131184 0.0661005 -0.1456752 -0.16335893 0.05242162 0
-0.00635278 -0.0441804 -0.0335853 -0.08874321 -0.04760637 -0.01907395 0
-0.02754424 0.0287447 -0.05905554 -0.08668106 -0.07916406 -0.03912785 0
-0.07383223 -0.11468451 0.00408786 -0.05001158 -0.00729712 0.03748011 0
0.14448973 0.05495452 0.11085957 0.04258579 0.02625926 0.05751146 0
-0.0087524 -0.03285463 -0.02520641 -0.18503887 -0.17856027 -0.00428534 0
0.04252704 -0.02455013 -0.07436337 -0.18354236 -0.22887904 0.00395431 0
0.0267084 0.04976137 -0.07009713 -0.08973366 -0.11276542 0.01146431 0
0.01798995 0.04360571 0.02549811 -0.05765784 -0.16241397 0.02666962 0
0.01746744 0.05914785 0.01267302 -0.02847989 -0.09985505 -0.0312525 0
-0.0026976 -0.03753943 0.01428601 -0.09149728 -0.14300226 0.01303864 0
-0.00226737 -0.01235114 -0.02952875 -0.02726583 -0.06885363 0.14008608 0
0.09367367 0.15373542 -0.04874401 -0.19998512 -0.17437184 -0.05739101 0
-0.01116936 -0.05581028 -0.05582671 -0.02886627 0.0193258 -0.01113811 0
0.09371975 -0.0618291 -0.01893227 -0.05020574 -0.0019944 -0.03949674 0
-0.0107027 -0.06135064 0.03511058 -0.15388048 -0.12217404 -0.00470501 0
-0.04357941 -0.01996919 -0.03173055 -0.14697142 -0.05460673 -0.01482682 0
-0.10771889 -0.04887181 0.00287487 0.05086718 0.02311084 0.03183523 0
-0.02842062 -0.01033959 -0.05644583 -0.01700637 -0.03649277 0.00382446 0
0.02381172 -0.07472698 0.07714988 -0.00813028 -0.04367383 -0.00370912 0
-0.04958379 -0.04276542 -0.06015357 -0.13671325 -0.10674645 0.03051808 0
-0.022314 -0.03920797 -0.00042711 -0.13034498 -0.2190779 0.10272129 0
0.15891571 0.09676366 0.0663073 -0.07136101 -0.02024827 -0.01193593 0
0.03928734 0.03562334 0.08255987 -0.13042709 -0.15536079 0.01479419 0
0.10528238 0.0747363 -0.06539201 0.0229477 -0.04900542 -0.01561866 0
0.02665625 0.0171463 -0.06353597 -0.07399926 -0.08122579 -0.02511819 0
-0.05893608 -0.03498515 0.02540947 -0.10083969 -0.07227954 0.01418139 0
-0.05230618 -0.04724472 -0.02007748 -0.07593646 -0.0637366 -0.0469556 0
0.06629434 -0.01484424 0.0589371 -0.13603097 -0.07695646 -0.19423108 0
0.00762393 -0.02338127 -0.01007543 -0.01089003 -0.00475258 -0.06194868 0
0.06109276 0.04525988 0.08391495 0.1680796 0.05105482 0.07708142 0
0.06763801 -0.02835357 0.06041916 -0.23701015 -0.10417727 0.02352682 0
-0.01805633 -0.00540689 0.00390669 0.04962835 0.00422086 0.00376401 0
0.10682263 0.06017436 0.02165409 0.00853567 -0.05894095 0.02976431 0
0.2235907 0.22363858 -0.00452242 0.26658342 0.21905297 -0.02044927 0
0.01721667 0.00411344 0.0036515 0.00620772 -0.03644772 -0.05171868 0
-0.09774566 -0.05301412 0.01972506 -0.13070295 -0.12395388 0.00694951 0
-0.0541085 -0.02985356 -0.004886 -0.04748951 -0.03144395 -0.02103227 0
-0.05369578 -0.0064896 0.07687168 0.05356913 -0.10997247 0.05428204 0
-0.03072673 -0.03208708 -0.00537441 -0.04902392 -0.14867273 -0.00646163 0
0.01930932 -0.04864019 0.02681022 -0.01270775 -0.04593404 -0.00908943 0
-0.05235921 -0.01205967 -0.03758958 -0.00856652 -0.00967415 0.01310875 0
0.05419614 0.00922772 0.01023499 -0.07748357 -0.08886914 0.00856922 0
0.18184154 0.24462433 -0.08864333 -0.05073233 -0.08952216 0.06441729 0
-0.04062908 -0.11384556 0.04600653 -0.08634407 -0.08833363 0.0322327 0
0.00421953 0.01962216 -0.05101572 -0.21053284 -0.16890869 -0.01666396 0
0.05286922 -0.01683482 0.01955556 -0.03033156 -0.03450237 -0.02732104 0
0.0457533 0.08338336 0.00880935 -0.05435951 -0.02897853 0.00197344 0
-0.10663975 -0.04430602 -0.01378992 -0.13773668 -0.19795853 -0.02820766 0
0.0039971 0.03124487 0.01798462 0.0443609 -0.01449583 0.02971846 0
-0.00951135 -0.04955993 0.04327753 -0.01718407 -0.01226675 0.00183017 0
-0.04608834 -0.06428887 0.07237938 -0.14905542 -0.12054949 0.02992389 0
-0.02519367 0.06055726 0.01604291 -0.17567107 -0.17025059 0.00505069 0
0.02932341 -0.03390289 0.00076872 -0.03338998 -0.12453501 -0.06265913 0
-0.00433992 -0.09034723 0.01992645 -0.07763339 -0.17419367 0.08338585 0
-0.00284121 -0.01168326 0.00250001 -0.04268468 -0.14962498 0.01673388 0
-0.00832767 -0.04558305 0.14122883 0.03760386 -0.00545042 0.06698349 0
0.03836711 -0.00672969 -0.0079785 -0.04810404 -0.00707915 0.00882386 0
-0.18167004 -0.28191341 0.14190851 0.14196265 0.01000783 0.06270882 0
-0.15853327 -0.12015287 0.00709077 -0.15628181 -0.13682559 -0.05483407 0
0.07524851 -0.01966188 -0.01767801 0.00424726 0.03544163 -0.05433172 0
-0.12922091 0.00050712 -0.06703936 -0.02897956 0.02005552 -0.06875587 0
-0.1923805 -0.16554854 -0.09308433 -0.1241911 -0.12120361 -0.0095937 0
0.09868318 0.05872887 0.02364125 0.09365623 0.02910215 -0.02658724 0
-0.0374487 -0.01465781 -0.0033146 -0.10411971 -0.11418766 -0.01182178 0
-0.09885946 -0.19810128 -0.05795519 0.14440154 -0.00129496 -0.07967061 0
0.27543418 0.04970232 0.02459628 -0.14031318 -0.02130766 -0.12654527 0
0.34717045 0.11225602 0.20769528 -0.32903282 -0.3589339 0.09950825 0
0.05371297 0.08383104 -0.02764667 -0.09646366 -0.10376177 -0.01287318 0
-0.04245268 -0.04142131 -0.04828827 0.01732406 -0.00395893 0.07636361 0
0.19315049 0.06370864 0.11263792 0.10762799 0.01697589 -0.08457591 0
0.01100659 -0.02067035 -0.13047618 0.15070985 0.016361 -0.0543306 0
0.07677599 0.0783676 -0.13036602 0.05572994 -0.06983605 0.02866464 0
0.02876204 0.05068584 0.01508723 -0.0893814 -0.17349458 0.06613213 0
-0.13772214 -0.07838704 0.00504929 -0.14122325 -0.15149431 -0.04465081 0
0.00875422 -0.04227357 0.00025122 0.07627345 0.05933314 -0.07480591 0
0.04737895 -0.0877422 -0.04545202 -0.10128233 -0.19779891 -0.12569255 0
-0.01922568 -0.0598902 -0.02893461 -0.05758081 -0.12761614 -0.03829792 0
-0.05774792 -0.00629764 0.05523522 0.03375844 -0.05060359 0.07494663 0
0.03201011 -0.03181723 0.00625425 -0.00510887 0.04838068 0.13790615 0
0.17773822 0.16426855 0.07470762 0.06078966 0.02924209 0.03642505 0
-0.07049788 -0.03694409 -0.03094639 0.00077554 -0.01026351 0.02087899 0
-0.07788435 -0.01027451 -0.07578661 -0.07748473 -0.10845571 0.10022513 0
0.04662963 0.03943356 0.01134109 -0.18896514 -0.15258673 0.03717206 0
0.03306695 0.02553832 0.02395623 -0.18965879 -0.10023942 -0.01471328 0
-0.05457239 -0.03632199 0.00071739 -0.03653034 -0.06450328 0.04996904 0
0.00129332 -0.00397462 -0.01458024 -0.1301215 -0.1018797 -0.06142288 0
-0.04056396 -0.053246 0.01140815 -0.10416274 -0.06907386 0.03655544 0
-0.01404883 -0.0897852 0.01862542 0.02526469 -0.01666576 -0.05334826 0
0.01029102 7.976e-05 -0.00123178 -0.0983876 -0.06409645 0.03221137 0
-0.00377748 -0.03852121 0.03798128 -0.0983865 -0.06314874 0.04885758 0
0.1101777 0.06669412 0.01626528 -0.08758492 -0.1320848 0.08314647 0
0.16721365 0.2608766 0.03422282 -0.05492034 -0.03452808 0.03413265 0
-0.00893329 -0.02082214 0.05063071 -0.02398462 -0.05646298 -0.00385494 0
0.01137808 0.05163379 0.03306038 -0.10884857 -0.09557296 0.03239504 0
-0.06407249 -0.055319 -0.00098266 -0.10160612 -0.09969626 -0.00448991 0
-0.02919699 -0.08235911 -0.00956961 -0.11996859 -0.06238734 0.00460749 0
-0.04124985 -0.04104966 -0.03681278 -0.06977015 -0.03061012 0.08382396 0
0.0045049 0.05937931 0.01049954 0.02614827 0.0049777 0.04005121 0
0.02521443 0.03543778 -0.01017204 -0.1222137 -0.10278477 0.03225279 0
-0.01922547 -0.04818582 -0.02228418 0.0371523 -0.02299639 -0.03420508 0
-0.04792259 -0.05007427 -0.01528146 0.02884908 0.00311564 0.01996609 0
0.07302765 0.0840279 -0.01954275 -0.04596034 -0.03957804 -0.02356321 0
-0.08594657 -0.09186933 0.01241739 -0.00104429 -0.03448264 0.03230614 0
-0.18871317 -0.13249259 -0.1554049 0.00474014 0.03345878 0.05009418 0
0.01843475 -0.00944702 -0.08636906 -0.13532754 -0.11107652 0.06979413 0
0.11561581 0.06727914 0.05750692 -0.10609368 0.00318302 0.06875361 0
0.00830632 -0.02183995 0.02916451 -0.10528526 -0.11043142 2.166e-05 0
-0.02871551 -0.05507933 -0.00734732 -0.06669853 -0.07328047 -0.00960217 0
-0.03553279 -0.06800572 -0.04533547 -0.10532242 -0.15137453 0.08587617 0
0.15429825 0.16442572 -0.0223556 0.01106093 0.01612471 -0.02183108 0
-0.06870114 -0.07391807 0.00837941 -0.09313099 -0.168085 -0.06718978 0
0.05414395 -0.04118356 0.04963689 -0.0157767 -0.13861081 -0.10776765 0
-0.06206008 -0.02748715 -0.0456485 -0.0926164 -0.09716356 0.03152821 0
0.01340766 -0.05231086 -0.02162705 -0.16727279 -0.1592872 -0.10023423 0
-0.04103338 -0.04303437 -0.10141049 0.03472247 -0.12319676 0.12830022 0
-0.12085949 -0.09394757 -0.07707357 -0.09148746 -0.06864723 -0.10188121 0
-0.47426839 -0.2711978 -0.02588039 -0.15610727 -0.11946857 0.10061795 0
0.22768856 0.0171714 0.01054655 -0.05853942 -0.23835346 0.04025138 0
-0.02682844 -0.00343122 0.06305649 -0.14429086 -0.10200977 -0.03681367 0
-0.00326874 0.0297144 -0.03675659 -0.05874047 -0.17235874 -0.03055872 0
-0.10580744 -0.01294901 -0.03969219 -0.01536395 -0.10980762 0.11631584 0
-0.15421852 -0.10904421 -0.18034383 -0.28847327 -0.19944707 -0.14043465 0
0.02405371 0.06524525 -0.11404227 -0.24512972 -0.14272 0.07570664 0
-0.14773212 -0.10982123 -0.10857622 -0.05954166 -0.03702395 -0.00495103 0
-0.00470561 0.01995217 -0.02316541 0.12388359 -0.02786727 0.10899112 0
-0.12603079 0.0304296 -0.11970534 -0.07555014 -0.06306336 0.04793948 0
-0.10387024 -0.11627091 -0.07646442 -0.03781148 -0.12196027 -0.04851314 0
-0.30830653 -0.23378556 -0.07647209 0.20941976 0.08817365 0.04629341 0
0.02072773 -0.01604492 0.02449735 0.09270229 0.08515534 0.07838867 0
0.14514286 0.03253992 -0.08717876 -0.2921336 -0.25383335 -0.09028325 0
-0.04588612 -0.02153676 -0.03500289 -0.09674143 -0.05491346 -0.04626695 0
0.01241189 0.02403503 0.01168845 -0.10646192 -0.10280583 0.06553545 0
0.08573911 0.00745449 0.02343861 -0.0765828 -0.04776697 -0.04086592 0
0.09120337 0.0272962 0.00638665 -0.07524576 -0.08031651 0.00186242 0
-0.05341526 -0.14551232 0.04055 -0.18080115 0.04537258 -0.07570285 0
0.08187795 0.05224049 -0.06656925 -0.01821691 -0.01984207 -0.04570131 0
-0.18943984 -0.19990804 0.06451885 0.03002107 0.08026611 -0.01095477 0
0.12545114 0.14781279 -0.03081358 -0.07054942 0.05921028 -0.13141629 0
0.01022713 -0.05995353 -0.04128554 -0.03939988 -0.14208772 -0.08392608 0
-0.15556767 -0.05832899 0.06213455 -0.18886129 -0.13101933 0.03021944 0
-0.06174847 -0.0622541 -0.03354708 -0.0635335 -0.06980413 0.06246815 0
0.14963966 0.01483744 0.07997119 0.09566762 0.03109819 -0.0633609 0
-0.04076918 -0.07277276 -0.03856248 -0.07396111 -0.09304713 -0.04087332 0
0.02952645 0.00922344 -0.05126316 -0.20439287 -0.1401007 0.01383959 0
-0.04071092 -0.07731333 -0.02946407 -0.1184694 -0.10579238 0.07117763 0
0.09936518 0.0374704 -0.00688798 -0.19159305 -0.14063396 -0.0086187 0
-0.08244512 -0.05528819 -0.04321454 -0.05272397 -0.08720523 0.09520733 0
-0.11074293 -0.08828908 -0.14288779 -0.09363982 -0.03692341 -0.09003896 0
-0.09725144 -0.0135262 -0.000626 -0.19475022 -0.14308067 -0.05208937 0
0.10054978 0.04344609 -0.11741986 0.10239734 -0.00239843 -0.03298413 0
-0.20323697 0.05365816 0.04034734 0.33207962 0.11580861 -0.09126658 0
0.0460018 -0.00368923 -0.08837703 0.09632798 0.09770757 0.12709709 0
0.00174831 -0.06460272 -0.07507723 -0.13552543 -0.08317557 0.02080113 0
-0.0151366 0.00199405 0.00321471 -0.09282525 -0.08417586 0.00768333 0
0.15243577 0.21878668 -0.07344401 -0.07700892 -0.09745926 0.06512758 0
0.00123196 -0.10305602 0.0724556 0.01848399 -0.01741011 0.04336877 0
0.03806218 0.01260995 -0.0365925 -0.0974029 -0.05163306 0.00076359 0
0.1298567 0.0028321 0.03729132 0.01760267 0.0007901 0.05551803 0
-0.13539821 -0.09548713 0.01053845 -0.07020765 -0.1240427 -0.02443816 0
-0.14795348 -0.15243791 -0.04644008 0.02373333 0.10693795 -0.00757 0
-0.00544864 -0.05921374 0.01686671 -0.13338493 -0.0197389 -0.18023401 0
-0.36927286 -0.12147684 -0.08476262 -0.06141441 -0.1022363 0.05056257 0
-0.02170276 -0.04484546 -0.00232783 -0.0743335 -0.14333846 0.02309572 0
-0.0972015 -0.04071549 -0.05057071 -0.11752845 -0.18512418 0.01999161 0
-0.11466375 -0.10616926 -0.02742636 -0.13922794 -0.1201075 0.00835895 0
0.03017547 -0.06213915 -0.02607469 -0.06652394 -0.07784185 -0.01228606 0
-0.12945354 -0.16813976 -0.11015133 0.01916209 0.01952943 -0.01530506 0
-0.03636091 -0.02785648 -0.04685252 -0.0152054 -0.15504692 0.15664445 0
0.06908255 0.03497939 -0.09638663 -0.07696695 0.00336966 0.06589852 0
-0.20668598 -0.15129301 -0.07367792 -0.12886174 -0.13007885 -0.18146655 0
0.04838361 -0.01727207 -0.03010169 -0.11228684 -0.27783332 0.08542735 0
-0.11850784 -0.08571457 0.10047269 0.02157928 -0.00114829 0.10385037 0
0.04751497 0.02355973 0.00595948 -0.14962009 -0.10808681 0.11449487 0
-0.23816404 -0.23064504 0.04501911 -0.12477775 -0.12665044 -0.0089 0
0.02548474 0.06059098 0.01544941 -0.10594605 -0.0698521 0.02178162 0
-0.03941089 -0.0247977 0.03442072 0.00109 0.02836926 -0.01435105 0
-0.0877507 -0.10379057 0.06656307 0.01838157 0.0207926 0.01447957 0
-0.16469925 -0.07263607 0.14416117 -0.13217861 -0.1163124 0.10558516 0
0.10434302 0.02707663 -0.00287446 -0.19140991 -0.10863551 -0.03192023 0
0.02460775 -0.04818254 -0.06942674 -0.01659467 -0.05061823 -0.02352711 0
0.05826668 0.01598897 -0.03592342 -0.18976724 -0.16995911 -0.05824592 0
0.02954938 0.04188759 0.02178522 -0.05916038 0.00644914 0.0045497 0
-0.02169164 -0.05145935 0.00460459 -0.00683687 -0.15425107 0.06901168 0
-0.0609598 -0.04083348 0.03757505 0.0660763 -0.01559232 -0.04665664 0
-0.19797333 -0.03983081 0.0631015 -0.20726079 -0.09655402 -0.17684587 0
0.04676864 -0.02430037 0.04392903 -0.07607363 -0.13024155 -0.04389319 0
0.06508712 -0.01057732 -0.06560857 -0.05416911 -0.1179373 -0.1086653 0
-0.03621921 0.14805121 0.06420378 0.05511007 0.11591143 0.08697158 0
0.13778459 -0.04810405 0.08042051 0.04915641 0.07828062 -0.05168025 0
0.11597807 0.03973445 -0.03135436 -0.11977466 -0.06094438 -0.02187268 0
-0.02697223 0.00752239 0.08203903 0.1343 0.05806326 0.02449003 0
0.18993821 0.1725825 0.09178764 0.1089369 0.01890128 0.04619447 0
-0.2091103 -0.22030224 0.20613508 -0.1501831 -0.13196177 0.04942126 0
-0.13732574 -0.16572887 -0.04542279 0.1694951 0.11580369 0.04236508 0
-0.09808613 -0.05087936 -0.01886131 -0.01981284 -0.09065581 0.0401741 0
0.00750877 0.00020321 0.00230406 -0.05777386 -0.05769464 -0.05421267 0
-0.03604631 0.00707332 0.06152002 -0.04304847 -0.04027202 -0.03640654 0
-0.05494249 0.08634522 -0.05315363 -0.14853687 -0.04626794 0.02304787 0
-0.07286303 -0.07439366 -0.05165114 -0.3171853 -0.34524604 0.02533305 0
-0.03570547 -0.00429745 0.0493233 -0.08482014 -0.06923989 0.0010552 0
0.06718626 0.09835666 0.05056252 0.03647261 0.03117033 -0.02111127 0
0.02010613 0.03618097 -0.04949151 -0.04677801 -0.06582197 0.02441036 0
0.04763661 -0.00708078 -0.02384046 -0.02152188 -0.07821543 -0.03259647 0
0.21605484 0.02235273 0.13312699 0.02968513 -0.0548407 -0.00611585 0
0.01876249 0.08064261 -0.00055155 -0.15701242 -0.08234533 -0.04423582 0
-0.07092749 -0.07592619 0.0601623 -0.05668141 -0.06510566 -0.01098392 0
-0.03294291 -0.02254858 0.12873415 0.03213346 -0.0538125 0.00572179 0
0.01021334 0.00764389 -0.04889061 -0.07098436 -0.08980205 -0.0048127 0
-0.03759284 0.00394232 -0.00083786 -0.05853997 -0.03162144 -0.05643058 0
-0.03220078 0.10913352 -0.07125277 0.0228198 0.14055391 -0.04233414 0
-0.10176393 -0.09931989 0.01485205 -0.04319408 -0.06054227 0.00713508 0
-0.03448139 -0.04648272 -0.07002885 -0.01831165 -0.01203615 -0.0304008 0
-0.12060943 -0.10737255 -0.04812941 -0.18449104 -0.17135847 -0.07533683 0
-0.08069451 -0.06386921 0.04383674 -0.17458247 -0.18470528 0.02396278 0
-0.12055288 -0.07918191 -0.03696621 -0.054557 -0.08519909 0.03465851 0
-0.06095958 -0.01476572 -0.06491708 -0.06454096 -0.11080913 0.00096238 0
-0.19380799 -0.07533514 0.00282081 -0.16128058 -0.05244024 -0.04201214 0
0.04823507 -0.05000908 -0.01243215 0.11135323 0.01413267 0.03002483 0
-0.115843 -0.13424858 -0.00312523 -0.12586611 -0.11859155 -0.03735067 0
0.02255573 -0.06617188 0.06099729 0.06373983 -0.02625137 0.0116925 0
0.13718642 0.0712017 0.01554267 -0.05500253 -0.0914189 -0.06779522 0
0.01034772 -0.05014414 0.00065639 0.06765811 0.05271021 -0.05357911 0
0.02302351 0.02473527 -0.00702922 -0.02827799 -0.09562088 0.03948028 0
-0.0481874 -0.01033426 -0.03346384 -0.10034157 -0.02240667 -0.012422 0
-0.03799346 -0.04374806 -0.00577951 -0.00560681 -0.06883537 0.02375685 0
0.02982127 -0.00667687 0.04147414 -0.02112045 -0.02237092 -0.01831575 0
0.27765862 0.04073594 0.09078927 -0.23781342 -0.04986093 -0.16555855 0
0.09283923 0.06222336 -0.00765004 -0.3138892 -0.06211674 -0.1879599 0
-0.01881131 -0.0166411 -0.00905234 -0.05607954 -0.09296602 0.00228467 0
0.05251148 0.02425898 0.08589834 -0.00410153 -0.06778798 -0.07144159 0
-0.0308741 0.00310035 -0.04787502 0.05440327 -0.01062563 0.00014075 0
0.06831175 0.04413314 -0.00950161 -0.15222879 0.01101602 -0.109014 0
0.23282444 0.01673404 0.08974462 -0.11490116 -0.06138987 -0.04777984 0
-0.04513376 -0.06299527 -0.03689125 -0.08671145 -0.09214971 -0.00507761 0
-0.13980825 0.0323275 -0.20689016 -0.14540694 -0.12571019 -0.04086422 0
-0.07868086 -0.02953935 -0.02050579 0.0124319 -0.06180321 0.01202959 0
0.03078711 0.1935201 -0.08871308 0.07233877 0.16445795 -0.03911561 0
-0.01677242 -0.01081577 0.01482471 -0.11964591 -0.07997705 0.0163912 0
-0.0754955 -0.00900546 0.04619207 -0.18648595 -0.20354149 0.01184042 0
-0.07092462 -0.07233307 -0.01362809 -0.1066071 -0.13045017 -0.02523013 0
-0.0179548 0.07724364 -0.01606429 -0.0475041 -0.06936582 0.06225687 0
-0.12205838 -0.01310805 0.08210745 -0.00553131 0.02327994 0.0226563 0
-0.02782908 -0.08084995 0.01601909 -0.03503907 -0.03331062 0.01157832 0
-0.06740175 0.01626544 0.04853348 0.08777224 -0.06755331 0.10099453 0
0.00428142 0.0136574 -0.00073304 -0.07537833 -0.05216158 0.00841419 0
0.06546441 0.14003138 -0.01388018 -0.10879145 -0.08936423 -0.00243707 0
-0.13430115 -0.06652516 -0.12219713 0.03790675 -0.02453252 -0.15319409 0
0.18777898 0.10914564 0.0387554 -0.01873143 -0.0738819 -0.02332268 0
-0.02048462 -0.02394467 -0.16987807 -0.11853505 -0.1019393 0.01515784 0
-0.1701543 -0.21182229 -0.07098899 -0.01090897 0.07380326 0.03150315 0
-0.00878554 -0.05849819 -0.03691822 0.18577707 -0.02213782 -0.08599379 0
0.08962574 0.06539871 -0.00735353 -0.0325966 -0.04860153 0.01226392 0
-0.08106717 0.05296357 -0.06186544 -0.1744226 -0.13241494 0.07730101 0
0.14833655 0.13623863 -0.05195523 -0.00905276 0.05175955 0.05838056 0
-0.04444625 -0.04022502 -0.03411145 -0.04398997 -0.03089148 0.0045119 0
0.06030703 0.01798399 0.056968 0.00647215 0.03110706 0.04894009 0
-0.07274324 -0.04720478 -0.06532376 -0.13748071 -0.09770344 -0.0221301 0
0.07505533 -0.0427721 0.05506844 -0.10674124 -0.02936665 0.05260009 0
0.36338115 0.26458115 0.0467048 0.04209229 0.02503581 0.06315579 0
0.09303844 0.07406618 0.06547358 -0.02843206 -0.09029251 0.01541463 0
0.26137817 0.226685 0.06951081 -0.14707213 -0.07922973 -0.11223343 0
0.06827983 0.12395053 -0.03802595 0.01324407 -0.13811655 -0.00253555 0
0.08515219 0.07652346 -0.07379125 -0.19314501 -0.38900184 0.01179194 0
-0.19693656 -0.08827238 -0.11573185 -0.16462551 -0.03062766 0.02650962 0
0.06263632 0.0161535 -0.01511386 0.01718423 -0.03995129 0.00553513 0
-0.13133787 -0.1598543 -0.01351919 -0.12534861 -0.26877255 0.00868598 0
-0.07835298 -0.06408455 0.1093877 -0.1026963 0.03565268 -0.06955434 0
0.02814862 -0.00202079 0.05711278 -0.15740438 -0.12042079 -0.00591253 0
-0.05378944 -0.01137558 -0.03680905 -0.15449319 -0.1169474 -0.09509754 0
-0.02927675 -0.00812894 0.00805336 0.07508258 -0.09890418 0.01458414 0
0.08931995 0.11803586 -0.09155739 0.07947072 -0.00727708 0.08622778 0
-0.0270022 -0.03802967 -0.04186104 -0.06952105 -0.07224326 -0.00862692 1
-0.07226119 -0.08722437 -0.02762922 -0.15173054 -0.14274061 -0.14436732 1
-0.01082493 -0.04579974 0.01930828 -0.09262237 -0.09962802 0.03150569 1
-0.06221291 -0.05097315 0.05917379 -0.01492149 0.00731452 0.04269141 1
-0.03566872 0.01504574 0.03346807 0.0153167 -0.00536897 0.022475 1
0.06784998 0.06864695 0.00227065 -0.11731678 -0.14697083 -0.01942236 1
0.02059649 0.03153125 -0.03590505 0.04372152 -0.01034315 -0.08577085 1
0.0167739 -0.00040851 -0.04999209 -0.09688446 -0.06382348 0.02608151 1
0.03914939 -0.05397389 0.01425869 -0.1156311 -0.13742021 0.04987328 1
0.0226337 0.01195448 0.02712023 -0.06396545 -0.06969074 0.11148508 1
-0.04190895 -0.11772872 0.03659524 0.02060825 0.00184089 -0.00184419 1
0.07097969 0.0542156 -0.00541796 -0.06500114 -0.14106412 0.05884209 1
0.05602445 -0.03333589 0.08600461 -0.08309841 -0.01893087 0.01599205 1
-0.00481978 0.01766872 0.01832756 0.03522592 -0.00220877 -0.04198533 1
0.00509508 0.03859253 0.00954827 -0.02905708 0.01992959 0.0178023 1
0.04770899 0.01077368 -0.07331743 -0.09447227 -0.06011556 -0.00914346 1
0.07760555 0.03054862 -0.07727155 -0.02287934 -0.1281408 0.03599425 1
0.02308912 3.626e-05 -0.03603191 -0.04112178 -0.03820071 0.01652083 1
-0.06697758 -0.06628922 -0.0073527 -0.06000441 -0.08645664 -0.03423397 1
-0.03967473 -0.03107173 -0.10615505 -0.01887696 -0.02160901 -0.03283355 1
0.09951178 0.14888012 -0.01360265 -0.00725494 0.00298875 -0.0034547 1
-0.03156993 -0.04331902 -0.0081514 -0.09414751 -0.12779673 0.03136734 1
-0.10243988 -0.05403116 -0.01948033 -0.155532 -0.12018642 -0.05764989 1
-0.04101277 -0.02678855 -0.05244969 -0.07192564 -0.13772983 -0.03287542 1
-0.08848907 -0.08290673 -0.00949108 -0.17884274 -0.15932046 0.04430264 1
0.04284354 -0.00786686 -0.07884362 -0.17449437 -0.12754511 0.05053914 1
0.03109929 -0.02857126 0.04446911 -0.03597444 -0.14654739 0.00386671 1
-0.05009765 -0.02008607 -0.04787062 -0.05014894 -0.13106038 0.01408978 1
0.08429887 0.00222971 -0.00336069 -0.03352511 -0.00100455 0.01344248 1
0.03445821 0.06037072 -0.04091753 -0.11091514 -0.1054414 -0.01423484 1
-0.09146636 0.15086112 -0.01475192 -0.09824074 -0.04394416 -0.07467948 1
0.0356716 0.02392463 0.00082591 -0.1594199 -0.0883281 0.0897032 1
-0.00303914 -0.02444882 0.00762016 -0.09856069 -0.05610332 -0.08288132 1
-0.15088826 -0.06083554 -0.0758064 -0.06804442 -0.09409163 -0.02276519 1
-0.08920002 -0.0637904 -0.03795112 -0.05873289 -0.00869618 -0.03224105 1
0.02893667 0.06710111 0.06944601 0.02521009 -0.023189 -0.03184748 1
-0.00728141 0.00769653 -0.01235294 -0.0380545 -0.06091503 -0.02042805 1
0.02277195 -0.00327212 0.08708674 -0.16945828 -0.11147476 0.00770001 1
-0.13977261 -0.05391036 -0.0510875 0.01636946 -0.04159446 0.00495977 1
0.04713117 0.03791923 0.01111428 -0.07852312 -0.06393571 -0.00981697 1
0.06993243 0.04244522 0.04309403 -0.01241714 0.01363471 -0.07171631 1
0.1009067 0.10684062 0.10685448 -0.05197538 -0.09768553 0.19682013 1
-0.14652127 -0.09584095 -0.00610953 -0.07074402 -0.04821896 -0.02271271 1
-0.02990507 -0.02479374 0.043249 -0.02795294 -0.05834616 0.01283464 1
0.05195294 0.01561269 -0.00814464 -0.03309153 -0.04403522 -0.02560812 1
-0.07485337 -0.04748258 0.03989989 -0.05929145 -0.06369472 -0.00726524 1
-0.06375441 -0.03245844 -0.03212686 -0.10550227 -0.05020215 0.00149039 1
-0.0699219 0.02377879 0.04252404 -0.10489279 -0.07981155 -0.00015851 1
-0.04676777 -0.04856728 -0.02957486 -0.07724908 -0.04431655 -0.0559235 1
0.06357682 0.04391522 -0.00778715 -0.12238304 -0.14795786 -0.00516142 1
-0.05169454 -0.14058184 -0.01065508 -0.21796911 -0.13821779 -0.03547363 1
-0.05837223 -0.00835046 -0.00961422 -0.13141683 -0.14762719 0.02546717 1
0.00884207 -0.03094815 -0.0326477 -0.05484919 -0.03499341 -0.00438137 1
-0.00519689 0.03423742 0.08634701 -0.0687793 -0.09843995 0.01927575 1
-0.07942191 -0.03323762 0.09677919 -0.19863301 -0.15532589 -0.06133572 1
-0.08111616 -0.08807454 0.00307178 -0.1482688 -0.0972522 -0.02691777 1
-0.01321152 -0.03557706 -0.0729659 -0.11276576 -0.08707639 -0.07681113 1
0.04665176 0.03648846 -0.08904094 -0.09643318 -0.02812005 -0.00993762 1
-0.13509635 -0.06622096 0.01028583 -0.082741 -0.01219307 0.03999196 1
0.12073262 0.037606 -0.03079756 -0.13676806 -0.09283681 -0.05329833 1
-0.03453846 -0.05906129 -0.01563692 -0.15403833 -0.07527068 0.05016465 1
-0.02883656 -0.00883294 0.06966653 -0.07973589 -0.06503955 0.01010902 1
-0.01042355 0.06654605 0.02130377 -0.12672894 -0.03240756 -0.02414776 1
-0.10753541 -0.12294379 0.05004306 -0.05713036 -0.01080569 -0.03672267 1
0.03209295 -0.10577892 0.00949278 -0.10235717 -0.03436015 -0.06482226 1
0.03939214 -0.05875467 0.00808258 -0.00921562 -0.0891047 0.05678797 1
-0.02690189 -0.14033149 -0.09210538 0.02122815 -0.08141904 0.01377194 1
0.00375751 -0.03876963 0.00765441 0.00988746 0.00414399 -0.0778966 1
-0.00070886 -0.04743853 -0.0669703 -0.09937287 -0.13739361 0.00319636 1
0.08292504 0.04263861 0.14637019 0.05621054 -0.04459802 0.0768106 1
-0.12697957 -0.04314218 -0.02832731 0.0583627 0.00223825 -0.03625692 1
-0.00870076 -0.02388984 0.00227326 -0.10799113 -0.05918634 0.03019197 1
-0.0533808 -0.14057718 0.02048393 -0.15118293 -0.12482509 -0.03548043 1
0.00784853 -0.02053135 -0.06222516 -0.08725655 -0.06188877 0.04976088 1
0.02116401 0.03326042 0.00264677 -0.02774289 -0.07386748 0.10567466 1
0.01956853 -0.02175616 -0.02382796 -0.08901293 -0.16053901 -0.0365821 1
-0.00784842 0.02172122 0.00045823 -0.05558007 -0.07155557 0.00510851 1
0.03500434 0.00709706 -0.01061665 -0.104175 -0.11164731 0.03192099 1
-0.02949475 -0.04426159 -0.01989425 -0.07964781 -0.1421826 -0.02155915 1
-0.02910502 -0.0373186 -0.12466069 -0.04216958 -0.10019967 0.00174949 1
-0.1444738 -0.10718403 0.01515206 -0.07951171 -0.02266601 0.03419707 1
-0.02762626 -0.12147732 0.00165127 -0.09970624 -0.12534719 -0.02784951 1
-0.01697074 -0.0440418 0.00167077 -0.16379623 -0.16131281 0.08422843 1
-0.03652059 -0.02302984 -0.01193009 -0.03162791 -0.03610181 0.02502327 1
0.04612257 0.03732329 -0.05751006 0.01861321 0.03105762 -0.00590536 1
0.01207048 0.00518955 0.01384217 -0.05122455 -0.0208651 -0.02383557 1
-0.05150948 0.01241098 -0.04200611 -0.05330439 -0.08721052 -0.02379122 1
-0.03137685 -0.04653843 -0.0247839 -0.01267257 0.00792282 -0.00053068 1
0.03296745 -0.00583178 -0.01921585 0.03460924 0.04688432 -0.00643575 1
-0.03120333 0.02329452 -0.05162707 0.01858127 0.00743268 0.00557226 1
-0.05528683 -0.07933 0.0688085 -0.06325629 -0.07611666 0.00842888 1
-0.01506385 0.0208419 0.05888787 -0.05576231 -0.0997827 0.02567912 1
-0.01622656 -0.03017777 -0.02080615 0.10856536 -0.03528226 -0.05729825 1
-0.06219362 -0.01976583 -0.02754089 -0.04315084 -0.07065816 0.00056415 1
-0.01121136 -0.06565202 0.07269986 -0.11235605 -0.06049624 0.035659 1
0.04123516 -0.02009754 0.05557267 -0.02514378 0.0023671 0.08440304 1
0.06728056 0.09542188 0.0608777 -0.0607193 -0.18107719 -0.01402903 1
-0.12460432 -0.10923056 0.0688335 -0.17332929 -0.10979897 -0.03932664 1
0.10430841 0.09821322 -0.14177285 -0.12912346 -0.16718956 -0.06108951 1
-0.02287415 -0.0483642 -0.01426971 -0.06661851 -0.03186863 -0.00252751 1
-0.05926754 -0.01687049 -0.21363514 -0.13314323 -0.0688751 -0.07162034 1
-0.03196063 -0.01554244 -0.04773503 -0.14595127 -0.14804191 -0.01452508 1
-0.1073871 -0.02590692 0.0946811 -0.03513979 -0.03486311 -0.02684603 1
0.02779349 0.0169696 0.05051644 -0.16256596 -0.12460733 -0.00659977 1
0.03461617 0.01526538 -0.04310566 -0.09910624 -0.12765981 0.07449281 1
0.00960348 -0.03653682 -0.01243729 0.13070293 0.03463704 0.04097147 1
0.01248424 -0.02783344 -0.02138196 0.01904331 0.00989208 -0.04599088 1
-0.04118457 -0.00907129 -0.01321119 -0.03078324 -0.02405323 -0.01458756 1
-0.01472439 -0.02779137 0.06241005 -0.07494297 -0.05085361 0.01588068 1
-0.02907708 0.04747507 -0.03825219 -0.078363 -0.09175593 0.04174262 1
0.20930795 0.15808558 0.08580879 0.13274424 0.09010157 0.16718959 1
